<coordinates>16.018853,69.294079,55.8
16.01885,69.294083,57.4
16.018846,69.294091,61.92
16.018842,69.294104,69.68
16.018833,69.294126,80.87
16.018822,69.294154,95.45
16.018808,69.29419,113.63
16.018792,69.294233,135.5
16.018772,69.294286,161.25
16.018748,69.294347,191.12
16.018722,69.294418,224.88
16.018692,69.294498,262.94
16.018659,69.294588,305.39
16.018621,69.294688,352.43
16.018582,69.2948,404.06
16.01854,69.294921,460.7
16.018494,69.295052,521.83
16.018447,69.295196,587.87
16.018396,69.29535,658.52
16.018344,69.295515,733.95
16.018289,69.295693,814.39
16.018232,69.29588,898.84
16.018172,69.296078,987.79
16.018109,69.296286,1081.04
16.018046,69.296504,1178.6
16.017981,69.296734,1280.95
16.017912,69.296973,1387.0
16.017841,69.297222,1497.26
16.01777,69.297483,1611.72
16.017696,69.297753,1730.19
16.017621,69.29803,1851.6
16.017544,69.29831,1974.15
16.017469,69.298589,2095.17
16.017393,69.298866,2215.2
16.017319,69.299142,2334.04
16.017244,69.299416,2451.78
16.017169,69.299688,2569.11
16.017096,69.299958,2684.75
16.017023,69.300227,2799.29
16.01695,69.300495,2912.82
16.016877,69.300761,3025.36
16.016805,69.301025,3136.89
16.016734,69.301288,3248.03
16.016663,69.30155,3357.56
16.016592,69.30181,3466.2
16.016522,69.30207,3573.93
16.016452,69.302327,3680.66
16.016382,69.302584,3787.08
16.016313,69.302839,3892.03
16.016243,69.303094,3996.14
16.016175,69.303347,4099.37
16.016107,69.303599,4201.71
16.016039,69.30385,4303.24
16.015971,69.3041,4404.37
16.015903,69.304349,4504.19
16.015836,69.304597,4603.22
16.015769,69.304844,4701.46
16.015703,69.30509,4798.98
16.015637,69.305335,4896.0
16.01557,69.305579,4991.85
16.015505,69.305822,5087.06
16.015439,69.306064,5181.39
16.015374,69.306305,5275.02
16.015309,69.306545,5368.24
16.015244,69.306785,5460.46
16.01518,69.307023,5551.89
16.015115,69.307261,5642.61
16.015051,69.307499,5732.64
16.014987,69.307735,5821.97
16.014923,69.30797,5910.98
16.01486,69.308205,5998.91
16.014796,69.30844,6086.5
16.014732,69.30868,6175.64
16.014666,69.308925,6266.47
16.014597,69.309175,6359.12
16.014527,69.309431,6453.17
16.014455,69.309692,6548.81
16.014382,69.309958,6646.16
16.014309,69.310229,6745.0
16.014233,69.310505,6845.55
16.014155,69.310787,6948.1
16.014075,69.311074,7051.93
16.013994,69.311367,7157.48
16.013911,69.311665,7264.72
16.013826,69.311969,7373.65
16.013739,69.312278,7484.6
16.013651,69.312593,7597.05
16.01356,69.312914,7711.38
16.013469,69.313242,7827.43
16.013375,69.313575,7945.46
16.013279,69.313914,8065.29
16.013181,69.31426,8187.42
16.013081,69.314613,8311.26
16.01298,69.314973,8437.09
16.012876,69.315338,8565.02
16.012771,69.315711,8695.04
16.012662,69.316091,8827.49
16.012552,69.316479,8961.91
16.012439,69.316873,9098.54
16.012324,69.317275,9237.55
16.012207,69.317685,9378.97
16.012087,69.318103,9522.9
16.011966,69.318527,9669.01
16.011841,69.31896,9817.42
16.011714,69.319401,9968.34
16.011585,69.319849,10121.56
16.011454,69.320305,10277.28
16.01132,69.32077,10435.6
16.011183,69.321242,10596.04
16.011045,69.321722,10758.94
16.010904,69.32221,10924.26
16.010759,69.322706,11092.08
16.010613,69.323211,11262.6
16.010463,69.323723,11435.42
16.010311,69.324244,11610.73
16.010157,69.324773,11788.64
16.01,69.325312,11969.06
16.009841,69.325858,12152.18
16.009679,69.326415,12338.18
16.009516,69.32698,12526.5
16.00935,69.327554,12717.61
16.00918,69.328137,12911.5
16.009007,69.32873,13108.11
16.008832,69.329333,13307.82
16.008654,69.329944,13510.04
16.008472,69.330567,13715.23
16.008287,69.331199,13923.24
16.008099,69.33184,14134.23
16.007907,69.332492,14348.14
16.007711,69.333154,14565.33
16.007513,69.333827,14785.24
16.007312,69.334511,15008.34
16.007106,69.335205,15234.53
16.006898,69.335911,15463.83
16.006687,69.336628,15696.62
16.006472,69.337355,15932.31
16.006254,69.338094,16171.41
16.006032,69.338845,16413.7
16.005807,69.339606,16659.38
16.005578,69.340379,16908.48
16.005344,69.341165,17161.26
16.005106,69.341962,17417.24
16.004864,69.342772,17676.73
16.004618,69.343594,17939.8
16.004368,69.344429,18206.4
16.004113,69.345275,18476.88
16.003854,69.346136,18750.86
16.003591,69.347009,19028.63
16.003323,69.347896,19310.1
16.003051,69.348797,19595.38
16.002775,69.34971,19884.55
16.002494,69.350637,20177.82
16.002206,69.351577,20474.8
16.001913,69.352533,20775.77
16.001616,69.353503,21080.82
16.001315,69.354487,21389.89
16.00101,69.355485,21703.16
16.000698,69.356498,22020.52
16.000379,69.357525,22342.09
16.000055,69.358569,22667.74
15.999727,69.359628,22997.71
15.999395,69.360702,23332.07
15.999056,69.361791,23670.82
15.99871,69.362896,24013.88
15.998355,69.364016,24361.34
15.997996,69.365154,24713.29
15.997633,69.366307,25069.74
15.997264,69.367478,25430.99
15.996889,69.368663,25796.63
15.996506,69.369866,26166.89
15.996114,69.371085,26541.84
15.995715,69.372322,26921.58
15.995311,69.373576,27306.02
15.9949,69.374848,27695.27
15.994481,69.376139,28089.5
15.994056,69.377447,28488.74
15.993624,69.378773,28893.06
15.993179,69.380116,29302.42
15.992726,69.381479,29717.04
15.992263,69.382862,30136.97
15.991793,69.384265,30562.19
15.991313,69.385687,30992.8
15.990828,69.387131,31428.84
15.990335,69.388593,31870.37
15.989837,69.390076,32317.49
15.989329,69.391579,32770.01
15.988812,69.393101,33228.02
15.988286,69.394642,33691.27
15.98775,69.396202,34159.8
15.987205,69.39778,34633.44
15.986651,69.399378,35111.98
15.986089,69.400993,35595.43
15.985518,69.402626,36083.57
15.984939,69.404276,36576.33
15.984354,69.405942,37073.39
15.983763,69.407622,37574.48
15.983165,69.409316,38079.16
15.982562,69.411022,38587.16
15.981953,69.412738,39097.79
15.981341,69.414462,39610.34
15.980726,69.41619,40124.03
15.980109,69.417921,40638.23
15.979492,69.419654,41152.52
15.978873,69.421386,41666.55
15.978255,69.423119,42180.36
15.977636,69.424852,42693.88
15.977018,69.426584,43206.98
15.976399,69.428316,43719.7
15.97578,69.430048,44232.03
15.975162,69.43178,44744.04
15.974544,69.433512,45255.65
15.973925,69.435243,45766.79
15.973307,69.436974,46277.61
15.972689,69.438704,46788.02
15.972071,69.440435,47298.13
15.971451,69.442165,47807.76
15.970833,69.443894,48317.07
15.970215,69.445624,48825.89
15.969598,69.447353,49334.41
15.96898,69.449082,49842.53
15.968361,69.450811,50350.24
15.967743,69.452539,50857.56
15.967125,69.454267,51364.38
15.966507,69.455995,51871.0
15.965889,69.457722,52377.11
15.965271,69.45945,52882.93
15.964652,69.461177,53388.35
15.964034,69.462904,53893.37
15.963416,69.46463,54398.08
15.962798,69.466356,54902.31
15.96218,69.468082,55406.23
15.961562,69.469808,55909.73
15.960943,69.471533,56412.85
15.960325,69.473258,56915.59
15.959707,69.474983,57417.9
15.959089,69.476707,57919.91
15.958471,69.478431,58421.53
15.957853,69.480155,58922.75
15.957235,69.481879,59423.57
15.956617,69.483602,59923.98
15.955999,69.485325,60424.1
15.955381,69.487048,60923.73
15.954763,69.48877,61423.13
15.954145,69.490493,61922.06
15.953526,69.492215,62420.58
15.952909,69.493936,62918.7
15.95229,69.495658,63416.52
15.951672,69.497379,63913.93
15.951054,69.4991,64410.95
15.950436,69.500821,64907.57
15.949818,69.502541,65403.8
15.9492,69.504261,65899.71
15.948582,69.505981,66395.32
15.947963,69.507701,66890.43
15.947345,69.50942,67385.15
15.946727,69.511139,67879.49
15.946109,69.512858,68373.5
15.945491,69.514576,68867.11
15.944873,69.516295,69360.32
15.944255,69.518013,69853.23
15.943637,69.519731,70345.67
15.943019,69.521448,70837.78
15.9424,69.523165,71329.5
15.941782,69.524883,71820.82
15.941164,69.5266,72311.84
15.940546,69.528317,72802.46
15.939928,69.530033,73292.67
15.93931,69.531749,73782.49
15.938691,69.533465,74271.91
15.938073,69.53518,74761.03
15.937455,69.536895,75249.75
15.936837,69.538611,75738.17
15.936218,69.540326,76226.27
15.935599,69.542042,76714.08
15.93498,69.543757,77201.41
15.934361,69.545471,77688.43
15.933742,69.547186,78175.03
15.933123,69.5489,78661.27
15.932505,69.550614,79147.08
15.931886,69.552327,79632.59
15.931267,69.554041,80117.62
15.930649,69.555754,80602.34
15.93003,69.557467,81086.75
15.929411,69.559179,81570.66
15.928792,69.560892,82054.2
15.928172,69.562604,82537.5
15.927554,69.564315,83020.13
15.926934,69.566026,83502.54
15.926314,69.567737,83984.37
15.925695,69.569447,84465.98
15.925076,69.571157,84947.11
15.924457,69.572867,85427.93
15.923838,69.574577,85908.33
15.92322,69.576287,86388.36
15.922601,69.577996,86868.06
15.921982,69.579705,87347.38
15.921363,69.581414,87826.3
15.920745,69.583122,88304.82
15.920126,69.584831,88783.04
15.919508,69.586539,89260.86
15.918889,69.588247,89738.18
15.91827,69.589955,90215.19
15.91765,69.591663,90691.81
15.917032,69.59337,91168.03
15.916412,69.595077,91643.85
15.915794,69.596784,92119.37
15.915175,69.598491,92594.49
15.914556,69.600197,93069.21
15.913938,69.601903,93543.52
15.913319,69.603609,94017.53
15.9127,69.605315,94491.06
15.912082,69.60702,94964.28
15.911463,69.608725,95437.18
15.910845,69.61043,95909.61
15.910227,69.612135,96381.72
15.909609,69.613839,96853.35
15.908991,69.615543,97324.67
15.908373,69.617247,97795.67
15.907754,69.61895,98266.09
15.907135,69.620654,98736.5
15.906518,69.622358,99206.32
15.905899,69.624061,99675.75
15.905282,69.625763,100144.85
15.904664,69.627466,100613.57
15.904048,69.629168,101081.89
15.903431,69.63087,101549.82
15.902813,69.632572,102017.34
15.902196,69.634273,102484.64
15.901579,69.635975,102951.48
15.900962,69.637676,103417.98
15.900345,69.639375,103884.1
15.899728,69.641076,104349.72
15.899111,69.642776,104814.94
15.898495,69.644475,105279.85
15.897878,69.646175,105744.47
15.897261,69.647874,106208.67
15.896644,69.649574,106672.5
15.896027,69.651272,107135.92
15.89541,69.652972,107599.03
15.894793,69.65467,108061.75
15.894176,69.656368,108524.06
15.89356,69.658066,108986.0
15.892943,69.659764,109447.6
15.892326,69.661461,109908.73
15.891709,69.663158,110369.64
15.891092,69.664855,110830.06
15.890476,69.666552,111290.17
15.889858,69.668248,111749.89
15.889242,69.669944,112209.21
15.888625,69.67164,112668.13
15.888008,69.673336,113126.75
15.887391,69.675031,113584.96
15.886775,69.676726,114042.78
15.886158,69.678421,114500.3
15.885542,69.680116,114957.4
15.884925,69.681811,115414.12
15.884307,69.683504,115870.34
15.88369,69.685198,116326.36
15.883074,69.686892,116782.07
15.882457,69.688586,117237.21
15.88184,69.69028,117692.11
15.881224,69.691972,118146.63
15.880607,69.693665,118600.73
15.87999,69.695358,119054.46
15.879374,69.69705,119507.78
15.878757,69.698743,119960.8
15.87814,69.700434,120413.41
15.877524,69.702126,120865.64
15.876906,69.703817,121317.54
15.87629,69.705509,121768.97
15.875673,69.7072,122220.09
15.875056,69.708891,122670.9
15.87444,69.710581,123121.23
15.873823,69.712272,123571.24
15.873206,69.713962,124020.86
15.87259,69.715652,124470.16
15.871973,69.717342,124918.99
15.871356,69.719031,125367.6
15.87074,69.72072,125815.72
15.870123,69.722409,126263.43
15.869506,69.724098,126710.85
15.86889,69.725786,127157.87
15.868273,69.727475,127604.57
15.867657,69.729163,128050.8
15.86704,69.73085,128496.72
15.866423,69.732538,128942.24
15.865806,69.734225,129387.44
15.86519,69.735912,129832.17
15.864573,69.737599,130276.68
15.863957,69.739286,130720.7
15.86334,69.740972,131164.33
15.862723,69.742658,131607.65
15.862107,69.744344,132050.55
15.86149,69.74603,132493.17
15.860874,69.747716,132935.3
15.860257,69.749401,133377.19
15.859641,69.751086,133818.62
15.859024,69.752771,134259.73
15.858407,69.754455,134700.35
15.857791,69.75614,135140.76
15.857174,69.757824,135580.69
15.856557,69.759508,136020.19
15.85594,69.761191,136459.41
15.855324,69.762875,136898.23
15.854708,69.764558,137336.75
15.854091,69.766241,137774.85
15.853474,69.767924,138212.49
15.852858,69.769607,138649.9
15.852241,69.771289,139086.92
15.851625,69.772972,139523.53
15.851008,69.774654,139959.75
15.850392,69.776335,140395.66
15.849775,69.778017,140831.17
15.849158,69.779699,141266.2
15.848542,69.78138,141701.02
15.847926,69.783061,142135.43
15.847309,69.784741,142569.46
15.846693,69.786421,143003.16
15.846076,69.788102,143436.38
15.84546,69.789782,143869.29
15.844843,69.791461,144301.81
15.844227,69.793141,144734.03
15.84361,69.79482,145165.84
15.842994,69.796499,145597.26
15.842377,69.798178,146028.38
15.841761,69.799857,146458.99
15.841144,69.801535,146889.31
15.840528,69.803213,147319.33
15.839911,69.804891,147748.93
15.839295,69.806569,148178.06
15.838679,69.808247,148606.97
15.838062,69.809924,149035.47
15.837446,69.811601,149463.51
15.836829,69.813278,149891.22
15.836213,69.814955,150318.64
15.835597,69.816631,150745.57
15.83498,69.818308,151172.27
15.834364,69.819984,151598.49
15.833748,69.82166,152024.4
15.833131,69.823335,152449.91
15.832515,69.825011,152875.03
15.831899,69.826686,153299.76
15.831282,69.828361,153724.17
15.830666,69.830035,154148.28
15.83005,69.83171,154571.9
15.829434,69.833384,154995.21
15.828817,69.835058,155418.13
15.828201,69.836733,155840.64
15.827585,69.838407,156262.86
15.826968,69.84008,156684.67
15.826353,69.841754,157106.09
15.825736,69.843426,157527.21
15.82512,69.845099,157948.0
15.824504,69.846773,158368.35
15.823888,69.848445,158788.35
15.823272,69.850117,159207.97
15.822655,69.851789,159627.18
15.822039,69.853461,160046.01
15.821423,69.855133,160464.53
15.820807,69.856804,160882.73
15.820191,69.858475,161300.45
15.819573,69.860146,161717.87
15.818956,69.861817,162134.89
15.81834,69.863487,162551.6
15.817724,69.865158,162967.91
15.817108,69.866828,163383.82
15.816491,69.868497,163799.35
15.815875,69.870167,164214.56
15.815259,69.871837,164629.29
15.814642,69.873506,165043.79
15.814027,69.875175,165457.91
15.813411,69.876844,165871.62
15.812794,69.878513,166284.94
15.812179,69.88018,166697.75
15.811563,69.881849,167110.37
15.810947,69.883517,167522.57
15.810331,69.885185,167934.4
15.809715,69.886853,168346.01
15.809098,69.88852,168757.22
15.808483,69.890187,169167.94
15.807867,69.891854,169578.36
15.807251,69.893521,169988.37
15.806635,69.895187,170397.99
15.806019,69.896854,170807.31
15.805403,69.89852,171216.22
15.804787,69.900186,171624.84
15.804171,69.901851,172033.06
15.803555,69.903517,172440.87
15.802939,69.905183,172848.39
15.802323,69.906848,173255.5
15.801706,69.908513,173662.21
15.801091,69.910178,174068.53
15.800475,69.911843,174474.46
15.799859,69.913507,174880.07
15.799243,69.915171,175285.38
15.798628,69.916835,175690.21
15.798011,69.918499,176094.71
15.797396,69.920163,176498.92
15.796779,69.921826,176902.73
15.796164,69.923489,177306.16
15.795548,69.925152,177709.17
15.794932,69.926814,178111.89
15.794316,69.928477,178514.29
15.7937,69.930139,178916.22
15.793084,69.931801,179317.83
15.792468,69.933463,179719.04
15.791852,69.935125,180119.86
15.791236,69.936786,180520.29
15.79062,69.938447,180920.4
15.790004,69.940109,181320.2
15.789389,69.941769,181719.53
15.788772,69.94343,182118.54
15.788157,69.945091,182517.26
15.787541,69.946752,182915.57
15.786925,69.948412,183313.49
15.78631,69.950071,183710.91
15.785694,69.951731,184108.12
15.785078,69.95339,184505.03
15.784462,69.95505,184901.46
15.783846,69.956709,185297.57
15.783232,69.958367,185693.18
15.782616,69.960026,186088.59
15.782001,69.961685,186483.6
15.781385,69.963343,186878.22
15.780768,69.965001,187272.62
15.780152,69.966659,187666.45
15.779536,69.968317,188059.97
15.778921,69.969975,188453.08
15.778305,69.971632,188845.9
15.777688,69.97329,189238.52
15.777073,69.974948,189630.72
15.776458,69.976604,190022.44
15.775841,69.978261,190413.75
15.775226,69.979917,190804.67
15.77461,69.981574,191195.29
15.773994,69.98323,191585.5
15.773378,69.984886,191975.51
15.772762,69.986541,192364.84
15.772147,69.988196,192754.04
15.771532,69.989851,193142.85
15.770916,69.991507,193531.27
15.7703,69.993162,193919.29
15.769685,69.994816,194307.0
15.76907,69.996471,194694.32
15.768454,69.998125,195081.32
15.767838,69.999779,195467.85
15.767223,70.001433,195854.16
15.766607,70.003087,196240.07
15.765992,70.004741,196625.49
15.765376,70.006394,197010.61
15.76476,70.008047,197395.41
15.764145,70.0097,197779.93
15.76353,70.011353,198163.96
15.762914,70.013005,198547.66
15.762299,70.014658,198930.98
15.761683,70.01631,199313.89
15.761067,70.017963,199696.51
15.760453,70.019614,200078.73
15.759837,70.021266,200460.63
15.759222,70.022918,200842.15
15.758606,70.024569,201223.27
15.757991,70.026221,201604.08
15.757376,70.027871,201984.4
15.756761,70.029522,202364.51
15.756145,70.031172,202744.14
15.755529,70.032823,203123.54
15.754914,70.034473,203502.46
15.754298,70.036123,203881.06
15.753684,70.037773,204259.37
15.753068,70.039423,204637.2
15.752453,70.041072,205014.72
15.751837,70.042721,205391.74
15.751221,70.04437,205768.53
15.750606,70.046019,206144.95
15.749991,70.047668,206520.96
15.749375,70.049317,206896.68
15.748761,70.050966,207272.1
15.748146,70.052614,207647.11
15.74753,70.054262,208021.73
15.746915,70.05591,208395.94
15.7463,70.057557,208769.85
15.745684,70.059205,209143.36
15.745069,70.060852,209516.39
15.744454,70.062499,209889.2
15.743839,70.064145,210261.62
15.743224,70.065792,210633.62
15.742609,70.067439,211005.34
15.741993,70.069085,211376.66
15.741378,70.070731,211747.48
15.740763,70.072377,212118.09
15.740148,70.074022,212488.3
15.739533,70.075668,212858.22
15.738918,70.077314,213227.72
15.738303,70.078959,213596.85
15.737688,70.080604,213965.65
15.737072,70.082248,214334.07
15.736457,70.083893,214702.08
15.735843,70.085537,215069.8
15.735228,70.087182,215437.21
15.734613,70.088826,215804.13
15.733998,70.09047,216170.74
15.733384,70.092114,216536.96
15.732768,70.093757,216902.87
15.732153,70.095401,217268.39
15.731539,70.097044,217633.59
15.730923,70.098687,217998.41
15.730309,70.100329,218362.53
15.729694,70.101972,218726.64
15.729079,70.103614,219090.35
15.728464,70.105257,219453.68
15.727849,70.106899,219816.68
15.727235,70.108541,220179.39
15.72662,70.110183,220541.61
15.726005,70.111824,220903.53
15.72539,70.113466,221265.04
15.724775,70.115107,221626.16
15.72416,70.116748,221986.97
15.723545,70.118389,222347.48
15.72293,70.120031,222707.59
15.722316,70.121671,223067.31
15.721701,70.123312,223426.72
15.721086,70.124952,223785.74
15.720472,70.126592,224144.35
15.719857,70.128232,224502.57
15.719242,70.129872,224860.57
15.718628,70.131511,225218.09
15.718013,70.133151,225575.3
15.717398,70.13479,225932.12
15.716784,70.136429,226288.53
15.716169,70.138068,226644.74
15.715554,70.139706,227000.45
15.71494,70.141345,227355.77
15.714325,70.142983,227710.79
15.71371,70.144622,228065.5
15.713095,70.14626,228419.81
15.712481,70.147897,228773.73
15.711867,70.149535,229127.34
15.711252,70.151172,229480.55
15.710637,70.15281,229833.38
15.710023,70.154447,230185.88
15.709408,70.156083,230538.0
15.708792,70.15772,230889.71
15.708179,70.159357,231241.13
15.707564,70.160993,231592.23
15.706949,70.162629,231942.86
15.706335,70.164266,232293.26
15.70572,70.165901,232643.19
15.705105,70.167537,232992.79
15.704491,70.169173,233342.1
15.703876,70.170808,233690.93
15.703262,70.172443,234039.52
15.702648,70.174078,234387.65
15.702033,70.175713,234735.46
15.701419,70.177348,235082.97
15.700804,70.178982,235429.99
15.70019,70.180617,235776.72
15.699575,70.182251,236123.11
15.698961,70.183885,236469.13
15.698346,70.185519,236814.74
15.697732,70.187153,237160.05
15.697118,70.188787,237504.97
15.696503,70.19042,237849.58
15.695889,70.192053,238193.8
15.695273,70.193686,238537.71
15.694659,70.19532,238881.33
15.694046,70.196952,239224.43
15.693431,70.198586,239567.16
15.692817,70.200218,239909.57
15.692203,70.20185,240251.68
15.691589,70.203483,240593.39
15.690974,70.205115,240934.7
15.69036,70.206746,241275.62
15.689746,70.208378,241616.23
15.689131,70.210009,241956.55
15.688517,70.211641,242296.36
15.687904,70.213272,242635.88
15.687289,70.214903,242975.09
15.686675,70.216533,243313.9
15.686061,70.218164,243652.31
15.685446,70.219794,243990.42
15.684833,70.221425,244328.15
15.684218,70.223055,244665.55
15.683605,70.224685,245002.66
15.682991,70.226314,245339.27
15.682377,70.227944,245675.59
15.681762,70.229574,246011.5
15.681148,70.231203,246347.12
15.680534,70.232832,246682.33
15.67992,70.234461,247017.14
15.679306,70.23609,247351.86
15.678692,70.237719,247685.97
15.678078,70.239347,248019.78
15.677464,70.240976,248353.2
15.67685,70.242604,248686.3
15.676236,70.244232,249019.02
15.675622,70.24586,249351.34
15.675008,70.247487,249683.26
15.674394,70.249115,250014.96
15.67378,70.250742,250346.18
15.673167,70.252369,250677.09
15.672553,70.253996,251007.6
15.671939,70.255623,251337.91
15.671326,70.25725,251667.72
15.670712,70.258876,251997.15
15.670098,70.260503,252326.26
15.669484,70.262129,252655.06
15.668871,70.263755,252983.38
15.668257,70.265381,253311.39
15.667643,70.267006,253639.11
15.66703,70.268632,253966.42
15.666416,70.270258,254293.42
15.665803,70.271883,254620.04
15.66519,70.273508,254946.26
15.664576,70.275133,255272.17
15.663962,70.276759,255597.78
15.663348,70.278383,255922.99
15.662735,70.280008,256247.81
15.662121,70.281632,256572.22
15.661508,70.283257,256896.34
15.660894,70.284881,257220.05
15.660281,70.286505,257543.46
15.659668,70.288128,257866.38
15.659053,70.289752,258189.19
15.658439,70.291376,258511.51
15.657826,70.292999,258833.52
15.657213,70.294622,259155.12
15.656599,70.296245,259476.34
15.655986,70.297868,259797.25
15.655372,70.299491,260117.77
15.654759,70.301113,260437.88
15.654146,70.302736,260757.78
15.653532,70.304358,261077.21
15.652919,70.30598,261396.22
15.652305,70.307602,261715.03
15.651692,70.309223,262033.44
15.651079,70.310845,262351.45
15.650465,70.312466,262669.08
15.649852,70.314088,262986.38
15.649238,70.315709,263303.31
15.648625,70.31733,263619.91
15.648012,70.318951,263936.12
15.647398,70.320571,264252.04
15.646785,70.322192,264567.55
15.646171,70.323813,264882.75
15.645558,70.325433,265197.57
15.644945,70.327053,265511.99
15.644331,70.328673,265826.1
15.643719,70.330293,266139.82
15.643106,70.331912,266453.02
15.642493,70.333531,266766.04
15.641879,70.335151,267078.75
15.641266,70.33677,267391.05
15.640653,70.338389,267702.98
15.64004,70.340008,268014.59
15.639427,70.341627,268325.8
15.638813,70.343245,268636.71
15.638201,70.344864,268947.22
15.637588,70.346482,269257.44
15.636974,70.3481,269567.24
15.636362,70.349718,269876.66
15.635747,70.351336,270185.88
15.635134,70.352954,270494.68
15.634521,70.354572,270803.09
15.633908,70.356189,271111.02
15.633295,70.357807,271418.72
15.632682,70.359424,271726.03
15.632069,70.361041,272033.05
15.631456,70.362658,272339.65
15.630843,70.364275,272645.87
15.63023,70.365891,272951.78
15.629617,70.367508,273257.29
15.629004,70.369124,273562.51
15.628391,70.37074,273867.32
15.627779,70.372356,274171.74
15.627165,70.373972,274475.85
15.626553,70.375588,274779.66
15.62594,70.377203,275083.06
15.625327,70.378819,275386.09
15.624714,70.380434,275688.79
15.624102,70.382049,275991.1
15.623489,70.383664,276293.03
15.622876,70.385279,276594.64
15.622263,70.386893,276895.94
15.62165,70.388508,277196.86
15.621038,70.390122,277497.37
15.620425,70.391736,277797.59
15.619813,70.39335,278097.4
15.6192,70.394964,278396.91
15.618587,70.396578,278696.02
15.617975,70.398192,278994.83
15.617363,70.399805,279293.24
15.61675,70.401419,279591.26
15.616138,70.403032,279888.97
15.615525,70.404645,280186.28
15.614913,70.406258,280483.3
15.6143,70.407871,280780.0
15.613687,70.409484,281076.22
15.613075,70.411096,281372.23
15.612463,70.412709,281667.74
15.61185,70.414321,281962.95
15.611238,70.415933,282257.87
15.610625,70.417545,282552.28
15.610013,70.419157,282846.49
15.609402,70.420768,283140.21
15.608789,70.42238,283433.62
15.608177,70.423991,283726.73
15.607564,70.425603,284019.44
15.606953,70.427214,284311.85
15.60634,70.428825,284603.87
15.605728,70.430436,284895.57
15.605116,70.432046,285186.89
15.604503,70.433657,285477.8
15.603891,70.435268,285768.41
15.603279,70.436878,286058.63
15.602667,70.438488,286348.54
15.602055,70.440098,286638.05
15.601442,70.441709,286927.27
15.60083,70.443319,287216.17
15.600217,70.444928,287504.59
15.599605,70.446538,287792.71
15.598993,70.448147,288080.51
15.598381,70.449757,288367.92
15.597769,70.451366,288654.94
15.597157,70.452975,288941.65
15.596545,70.454584,289228.05
15.595933,70.456193,289513.98
15.59532,70.457801,289799.59
15.594709,70.45941,290084.89
15.594097,70.461018,290369.81
15.593485,70.462626,290654.32
15.592873,70.464234,290938.62
15.592261,70.465842,291222.43
15.591649,70.46745,291505.96
15.591037,70.469057,291789.07
15.590425,70.470665,292071.89
15.589813,70.472272,292354.39
15.589201,70.47388,292636.41
15.58859,70.475487,292918.11
15.587977,70.477094,293199.53
15.587366,70.478701,293480.54
15.586754,70.480307,293761.25
15.586142,70.481914,294041.57
15.58553,70.48352,294321.57
15.584918,70.485126,294601.18
15.584307,70.486733,294880.39
15.583695,70.488339,295159.31
15.583083,70.489944,295437.82
15.582471,70.491551,295716.03
15.581859,70.493156,295993.94
15.581248,70.494762,296271.36
15.580636,70.496367,296548.47
15.580025,70.497972,296825.29
15.579413,70.499577,297101.79
15.578801,70.501182,297377.8
15.57819,70.502787,297653.51
15.577578,70.504392,297928.93
15.576966,70.505997,298203.94
15.576355,70.507601,298478.55
15.575744,70.509205,298752.87
15.575132,70.51081,299026.87
15.574521,70.512414,299300.48
15.573909,70.514018,299573.69
15.573298,70.515622,299846.61
15.572686,70.517225,300119.12
15.572074,70.518829,300391.24
15.571463,70.520432,300663.14
15.570852,70.522035,300934.56
15.570241,70.523639,301205.67
15.569629,70.525242,301476.47
15.569018,70.526845,301746.89
15.568406,70.528448,302016.9
15.567795,70.53005,302286.61
15.567183,70.531653,302555.93
15.566572,70.533256,302824.94
15.565962,70.534858,303093.64
15.56535,70.53646,303361.95
15.564739,70.538062,303629.86
15.564128,70.539664,303897.48
15.563517,70.541266,304164.69
15.562905,70.542868,304431.6
15.562294,70.544469,304698.12
15.561684,70.546071,304964.32
15.561073,70.547672,305230.13
15.560462,70.549273,305495.55
15.559851,70.550874,305760.67
15.55924,70.552475,306025.48
15.558629,70.554076,306289.88
15.558018,70.555677,306554.0
15.557407,70.557277,306817.7
15.556796,70.558878,307081.02
15.556186,70.560478,307343.93
15.555575,70.562078,307606.64
15.554964,70.563678,307868.86
15.554353,70.565278,308130.86
15.553742,70.566878,308392.38
15.553131,70.568478,308653.69
15.552521,70.570077,308914.59
15.55191,70.571677,309175.11
15.551299,70.573276,309435.22
15.550689,70.574875,309695.04
15.550078,70.576474,309954.55
15.549467,70.578073,310213.66
15.548856,70.579672,310472.46
15.548246,70.581271,310730.88
15.547635,70.582869,310988.9
15.547024,70.584468,311246.7
15.546414,70.586066,311504.01
15.545803,70.587665,311761.03
15.545193,70.589263,312017.64
15.544582,70.590861,312273.95
15.543972,70.592459,312529.95
15.543361,70.594057,312785.57
15.542751,70.595654,313040.79
15.54214,70.597252,313295.69
15.54153,70.598849,313550.3
15.540919,70.600447,313804.42
15.540309,70.602044,314058.33
15.539698,70.603641,314311.74
15.539087,70.605238,314564.94
15.538477,70.606835,314817.67
15.537867,70.608432,315070.17
15.537256,70.610028,315322.19
15.536646,70.611625,315573.9
15.536035,70.613221,315825.3
15.535425,70.614817,316076.32
15.534815,70.616413,316327.03
15.534204,70.618009,316577.34
15.533594,70.619605,316827.34
15.532984,70.621201,317076.96
15.532374,70.622797,317326.18
15.531763,70.624392,317575.09
15.531153,70.625988,317823.69
15.530543,70.627583,318071.91
15.529933,70.629179,318319.81
15.529322,70.630774,318567.32
15.528712,70.632369,318814.43
15.528102,70.633964,319061.25
15.527492,70.635559,319307.67
15.526881,70.637153,319553.86
15.526271,70.638748,319799.58
15.525661,70.640342,320045.0
15.525051,70.641936,320290.01
15.524441,70.643531,320534.72
15.523831,70.645125,320779.03
15.523221,70.646719,321023.04
15.522611,70.648313,321266.75
15.522,70.649906,321510.06
15.52139,70.6515,321752.97
15.520781,70.653093,321995.58
15.520171,70.654687,322237.79
15.519561,70.65628,322479.7
15.518952,70.657873,322721.22
15.518341,70.659466,322962.42
15.517731,70.661059,323203.23
15.517122,70.662652,323443.75
15.516512,70.664244,323683.86
15.515902,70.665837,323923.67
15.515292,70.66743,324163.08
15.514683,70.669022,324402.19
15.514073,70.670614,324640.91
15.513463,70.672206,324879.31
15.512854,70.673798,325117.32
15.512244,70.67539,325354.94
15.511634,70.676982,325592.35
15.511025,70.678574,325829.35
15.510415,70.680165,326065.97
15.509806,70.681757,326302.18
15.509196,70.683348,326538.09
15.508587,70.68494,326773.7
15.507977,70.686531,327008.92
15.507368,70.688122,327243.82
15.506759,70.689713,327478.33
15.506149,70.691304,327712.53
15.50554,70.692894,327946.36
15.504931,70.694485,328179.77
15.504322,70.696075,328412.97
15.503712,70.697666,328645.69
15.503103,70.699256,328878.09
15.502494,70.700846,329110.21
15.501885,70.702436,329341.92
15.501275,70.704027,329573.32
15.500666,70.705616,329804.33
15.500057,70.707206,330034.95
15.499448,70.708796,330265.27
15.498839,70.710385,330495.27
15.49823,70.711975,330724.88
15.497621,70.713564,330954.19
15.497011,70.715154,331183.1
15.496403,70.716743,331411.62
15.495793,70.718331,331639.83
15.495184,70.719921,331867.74
15.494575,70.72151,332095.25
15.493966,70.723099,332322.45
15.493357,70.724687,332549.27
15.492749,70.726276,332775.78
15.49214,70.727865,333001.8
15.491531,70.729453,333227.6
15.490922,70.731041,333453.01
15.490313,70.732629,333678.12
15.489704,70.734217,333902.84
15.489096,70.735805,334127.24
15.488487,70.737393,334351.25
15.487878,70.738981,334574.86
15.487269,70.740568,334798.17
15.486661,70.742156,335021.19
15.486051,70.743743,335243.8
15.485443,70.745331,335466.1
15.484834,70.746918,335688.01
15.484226,70.748505,335909.53
15.483617,70.750092,336130.83
15.483008,70.751679,336351.65
15.482399,70.753265,336572.16
15.481791,70.754852,336792.37
15.481182,70.756439,337012.18
15.480574,70.758025,337231.68
15.479965,70.759612,337450.8
15.479357,70.761198,337669.52
15.478748,70.762784,337887.93
15.47814,70.76437,338106.03
15.477531,70.765956,338323.74
15.476923,70.767542,338541.15
15.476314,70.769128,338758.17
15.475706,70.770713,338974.87
15.475098,70.772299,339191.18
15.474489,70.773885,339407.1
15.473881,70.77547,339622.8
15.473273,70.777055,339838.02
15.472664,70.77864,340052.93
15.472056,70.780225,340267.54
15.471448,70.78181,340481.84
15.470839,70.783395,340695.66
15.470231,70.78498,340909.26
15.469623,70.786565,341122.37
15.469015,70.788149,341335.19
15.468407,70.789734,341547.7
15.467799,70.791318,341759.82
15.467191,70.792902,341971.62
15.466582,70.794487,342183.03
15.465974,70.796071,342394.14
15.465366,70.797654,342604.85
15.464758,70.799238,342815.27
15.46415,70.800822,343025.28
15.463542,70.802406,343234.99
15.462934,70.80399,343444.39
15.462326,70.805573,343653.3
15.461718,70.807157,343862.01
15.46111,70.80874,344070.32
15.460503,70.810323,344278.24
15.459895,70.811906,344485.84
15.459287,70.813489,344693.06
15.458679,70.815072,344899.96
15.458072,70.816655,345106.57
15.457463,70.818238,345312.77
15.456856,70.819821,345518.6
15.456249,70.821403,345724.2
15.455641,70.822986,345929.31
15.455033,70.824568,346134.12
15.454425,70.826151,346338.54
15.453818,70.827733,346542.74
15.45321,70.829315,346746.46
15.452602,70.830897,346949.87
15.451995,70.832479,347152.97
15.451387,70.834061,347355.68
15.45078,70.835643,347558.0
15.450173,70.837224,347760.1
15.449565,70.838806,347961.71
15.448958,70.840387,348163.03
15.448351,70.841969,348364.04
15.447743,70.84355,348564.65
15.447136,70.845131,348764.96
15.446529,70.846712,348964.87
15.445922,70.848293,349164.47
15.445315,70.849874,349363.69
15.444707,70.851455,349562.6
15.4441,70.853036,349761.11
15.443493,70.854616,349959.32
15.442886,70.856197,350157.22
15.442279,70.857777,350354.64
15.441672,70.859358,350551.84
15.441065,70.860938,350748.56
15.440457,70.862518,350945.06
15.43985,70.864098,351141.17
15.439243,70.865678,351336.89
15.438637,70.867258,351532.3
15.438029,70.868838,351727.4
15.437423,70.870418,351922.11
15.436816,70.871998,352116.42
15.436209,70.873577,352310.44
15.435602,70.875157,352504.14
15.434995,70.876736,352697.46
15.434389,70.878315,352890.37
15.433782,70.879894,353083.07
15.433175,70.881473,353275.29
15.432568,70.883053,353467.2
15.431961,70.884632,353658.8
15.431354,70.88621,353850.02
15.430747,70.887789,354040.92
15.430141,70.889368,354231.43
15.429534,70.890947,354421.65
15.428927,70.892525,354611.46
15.42832,70.894104,354800.97
15.427714,70.895682,354990.08
15.427108,70.89726,355178.88
15.426501,70.898839,355367.39
15.425894,70.900416,355555.5
15.425288,70.901995,355743.21
15.424682,70.903572,355930.63
15.424075,70.90515,356117.64
15.423468,70.906728,356304.44
15.422862,70.908306,356490.75
15.422255,70.909883,356676.77
15.421649,70.911461,356862.47
15.421042,70.913038,357047.78
15.420435,70.914616,357232.69
15.419829,70.916193,357417.31
15.419223,70.91777,357601.62
15.418617,70.919347,357785.53
15.418011,70.920924,357969.14
15.417404,70.922501,358152.44
15.416798,70.924078,358335.35
15.416192,70.925656,358517.86
15.415586,70.927232,358699.97
15.414979,70.928809,358881.87
15.414373,70.930386,359063.39
15.413767,70.931962,359244.5
15.413161,70.933538,359425.31
15.412555,70.935115,359605.82
15.411949,70.936691,359785.93
15.411343,70.938267,359965.64
15.410737,70.939843,360145.05
15.410131,70.941419,360324.15
15.409525,70.942995,360502.86
15.408919,70.94457,360681.27
15.408313,70.946146,360859.19
15.407707,70.947722,361036.9
15.407101,70.949297,361214.31
15.406496,70.950873,361391.22
15.40589,70.952448,361567.92
15.405284,70.954023,361744.14
15.404678,70.955599,361920.14
15.404072,70.957174,362095.75
15.403466,70.958749,362270.96
15.402861,70.960324,362445.87
15.402255,70.961899,362620.38
15.40165,70.963473,362794.59
15.401044,70.965048,362968.51
15.400438,70.966623,363142.01
15.399833,70.968197,363315.13
15.399228,70.969772,363488.03
15.398622,70.971346,363660.45
15.398017,70.97292,363832.55
15.397411,70.974495,364004.36
15.396806,70.976069,364175.77
15.396201,70.977643,364346.88
15.395595,70.979217,364517.59
15.39499,70.980791,364687.99
15.394385,70.982365,364858.02
15.39378,70.983938,365027.72
15.393175,70.985512,365197.13
15.392569,70.987086,365366.14
15.391964,70.988659,365534.75
15.391359,70.990233,365703.06
15.390754,70.991806,365871.06
15.390149,70.993379,366038.67
15.389543,70.994953,366205.88
15.388939,70.996526,366372.79
15.388334,70.998099,366539.4
15.387729,70.999672,366705.61
15.387123,71.001245,366871.52
15.386519,71.002818,367037.13
15.385914,71.004391,367202.25
15.385309,71.005963,367367.15
15.384705,71.007536,367531.66
15.3841,71.009109,367695.77
15.383495,71.010681,367859.58
15.38289,71.012254,368023.08
15.382286,71.013826,368186.19
15.381681,71.015398,368348.91
15.381076,71.016971,368511.41
15.380471,71.018543,368673.42
15.379867,71.020115,368835.14
15.379262,71.021687,368996.54
15.378658,71.023259,369157.55
15.378053,71.024831,369318.26
15.377448,71.026403,369478.67
15.376844,71.027974,369638.68
15.376239,71.029546,369798.29
15.375635,71.031118,369957.6
15.375031,71.032689,370116.51
15.374426,71.034261,370275.21
15.373822,71.035832,370433.43
15.373217,71.037403,370591.34
15.372613,71.038976,370748.94
15.372009,71.040547,370906.15
15.371404,71.042118,371063.06
15.3708,71.043689,371219.57
15.370196,71.04526,371375.78
15.369592,71.046831,371531.59
15.368987,71.048402,371687.1
15.368383,71.049972,371842.31
15.367779,71.051543,371997.12
15.367175,71.053114,372151.63
15.366571,71.054684,372305.65
15.365967,71.056255,372459.45
15.365362,71.057825,372612.86
15.364758,71.059395,372765.97
15.364154,71.060966,372918.77
15.363551,71.062536,373071.09
15.362946,71.064106,373223.19
15.362342,71.065676,373374.8
15.361738,71.067246,373526.21
15.361134,71.068816,373677.21
15.360531,71.070386,373827.83
15.359927,71.071956,373978.14
15.359323,71.073525,374128.14
15.358719,71.075095,374277.75
15.358115,71.076665,374427.06
15.357511,71.078234,374575.97
15.356908,71.079804,374724.58
15.356304,71.081373,374872.8
15.3557,71.082942,375020.7
15.355097,71.084512,375168.22
15.354493,71.086081,375315.42
15.353889,71.08765,375462.33
15.353285,71.089219,375608.84
15.352682,71.090788,375754.95
15.352079,71.092357,375900.76
15.351475,71.093926,376046.26
15.350872,71.095494,376191.38
15.350268,71.097063,376336.18
15.349665,71.098632,376480.59
15.349062,71.1002,376624.7
15.348458,71.101769,376768.41
15.347855,71.103337,376911.82
15.347252,71.104906,377054.83
15.346648,71.106474,377197.63
15.346045,71.108042,377339.95
15.345442,71.10961,377481.95
15.344839,71.111179,377623.66
15.344235,71.112747,377764.97
15.343632,71.114315,377905.98
15.343029,71.115883,378046.59
15.342426,71.11745,378186.89
15.341823,71.119018,378326.8
15.341159,71.120743,378480.34
15.340556,71.122311,378619.55
15.339954,71.123878,378758.48
15.339351,71.125446,378896.99
15.338748,71.127013,379035.16
15.338145,71.128581,379173.03
15.337542,71.130148,379310.5
15.33694,71.131716,379447.67
15.336337,71.133283,379584.47
15.335734,71.13485,379720.94
15.335132,71.136417,379857.01
15.334529,71.137984,379992.78
15.333926,71.139551,380128.25
15.333324,71.141118,380263.32
15.332721,71.142685,380398.02
15.332119,71.144252,380532.46
15.331517,71.145819,380666.46
15.330914,71.147386,380800.13
15.330312,71.148952,380933.5
15.329709,71.150519,381066.47
15.329107,71.152085,381199.14
15.328504,71.153652,381331.51
15.327902,71.155219,381463.41
15.3273,71.156785,381595.08
15.326698,71.158351,381726.35
15.326096,71.159917,381857.32
15.325493,71.161484,381987.89
15.324891,71.16305,382118.16
15.324289,71.164616,382248.03
15.323687,71.166182,382377.6
15.323085,71.167748,382506.8
15.322483,71.169314,382635.67
15.32188,71.17088,382764.24
15.321279,71.172446,382892.41
15.320676,71.174012,383020.21
15.320075,71.175577,383147.75
15.319352,71.177456,383300.28
15.31875,71.179022,383426.97
15.318149,71.180587,383553.36
15.317547,71.182153,383679.36
15.316945,71.183718,383805.05
15.316343,71.185284,383930.44
15.315741,71.186849,384055.43
15.315139,71.188414,384180.12
15.314537,71.18998,384304.42
15.313935,71.191545,384428.4
15.313334,71.19311,384552.09
15.312732,71.194675,384675.29
15.31213,71.19624,384798.28
15.311528,71.197805,384920.87
15.310927,71.19937,385043.07
15.310325,71.200935,385164.96
15.309724,71.202499,385286.55
15.309123,71.204064,385407.83
15.308521,71.205628,385528.63
15.30792,71.207193,385649.22
15.307318,71.208758,385769.4
15.306717,71.210322,385889.2
15.306116,71.211887,386008.69
15.305514,71.213451,386127.88
15.304913,71.215015,386246.67
15.304311,71.21658,386365.07
15.30371,71.218144,386483.25
15.303109,71.219708,386600.95
15.302508,71.221272,386718.44
15.301906,71.222836,386835.44
15.301306,71.2244,386952.22
15.300704,71.225964,387068.62
15.300103,71.227528,387184.7
15.299502,71.229092,387300.39
15.298901,71.230656,387415.69
15.2983,71.23222,387530.68
15.297699,71.233784,387645.37
15.297098,71.235347,387759.67
15.296497,71.236911,387873.66
15.295896,71.238474,387987.35
15.295295,71.240038,388100.64
15.294695,71.241601,388213.53
15.294094,71.243165,388326.21
15.293493,71.244728,388438.41
15.292892,71.246291,388550.31
15.292292,71.247855,388661.89
15.291691,71.249418,388773.09
15.29109,71.250981,388884.07
15.29049,71.252544,388994.57
15.28989,71.254107,389104.76
15.289288,71.255671,389214.65
15.288688,71.257234,389324.14
15.288087,71.258797,389433.24
15.287487,71.26036,389542.12
15.286887,71.261922,389650.61
15.286287,71.263485,389758.7
15.285686,71.265048,389866.5
15.285086,71.26661,389973.89
15.284486,71.268173,390080.98
15.283886,71.269736,390187.77
15.283285,71.271299,390294.16
15.282685,71.272861,390400.25
15.282085,71.274424,390505.95
15.281485,71.275986,390611.34
15.280885,71.277548,390716.33
15.280286,71.279111,390821.02
15.279685,71.280673,390925.4
15.279085,71.282235,391029.39
15.278485,71.283797,391133.0
15.277885,71.285359,391236.28
15.277286,71.286921,391339.27
15.276686,71.288484,391441.88
15.276086,71.290046,391544.15
15.275486,71.291607,391646.14
15.274887,71.293169,391747.73
15.274287,71.294731,391848.93
15.273687,71.296293,391949.91
15.273087,71.297855,392050.41
15.272488,71.299417,392150.6
15.271889,71.300978,392250.49
15.271289,71.30254,392349.98
15.270689,71.304102,392449.18
15.27009,71.305663,392548.06
15.26949,71.307225,392646.55
15.268891,71.308786,392744.65
15.268291,71.310348,392842.45
15.267692,71.311909,392939.93
15.267093,71.31347,393037.03
15.266493,71.315032,393133.82
15.265894,71.316593,393230.3
15.265295,71.318154,393326.4
15.264696,71.319716,393422.18
15.264097,71.321277,393517.58
15.263497,71.322838,393612.57
15.262898,71.324399,393707.36
15.262299,71.32596,393801.66
15.2617,71.327521,393895.73
15.261101,71.329082,393989.42
15.260502,71.330643,394082.72
15.259903,71.332204,394175.71
15.259304,71.333764,394268.4
15.258705,71.335325,394360.69
15.258106,71.336886,394452.68
15.257508,71.338447,394544.28
15.256908,71.340008,394635.56
15.25631,71.341568,394726.46
15.255711,71.343129,394817.05
15.255112,71.344689,394907.34
15.254513,71.34625,394997.23
15.253915,71.34781,395086.82
15.253316,71.349371,395176.01
15.252717,71.350931,395264.9
15.252118,71.352492,395353.4
15.25152,71.354052,395441.59
15.250922,71.355612,395529.48
15.250323,71.357172,395616.87
15.249724,71.358733,395704.06
15.249126,71.360293,395790.86
15.248527,71.361853,395877.35
15.247929,71.363413,395963.43
15.247331,71.364973,396049.22
15.246733,71.366533,396134.71
15.246134,71.368093,396219.71
15.245536,71.369653,396304.5
15.244937,71.371213,396388.89
15.244339,71.372773,396472.98
15.243741,71.374333,396556.67
15.243143,71.375892,396640.06
15.242545,71.377452,396723.14
15.241946,71.379012,396805.84
15.241349,71.380572,396888.13
15.24075,71.382131,396970.12
15.240152,71.383691,397051.72
15.239555,71.385251,397133.1
15.238957,71.38681,397214.08
15.238359,71.38837,397294.69
15.237761,71.389929,397374.97
15.237163,71.391488,397454.87
15.236565,71.393048,397534.55
15.235968,71.394607,397613.75
15.235371,71.396167,397692.64
15.234773,71.397726,397771.23
15.234175,71.399285,397849.42
15.233577,71.400844,397927.31
15.232979,71.402403,398004.81
15.232382,71.403963,398082.0
15.231785,71.405522,398158.89
15.231187,71.407081,398235.38
15.23059,71.40864,398311.57
15.229993,71.410199,398387.36
15.229395,71.411758,398462.84
15.228798,71.413317,398537.95
15.228201,71.414877,398612.73
15.227603,71.416436,398687.21
15.227006,71.417994,398761.31
15.226409,71.419553,398835.09
15.225812,71.421112,398908.49
15.225215,71.422671,398981.49
15.224618,71.424229,399054.27
15.224021,71.425788,399126.66
15.223424,71.427347,399198.66
15.222827,71.428906,399270.35
15.22223,71.430465,399341.74
15.221633,71.432023,399412.74
15.221036,71.433582,399483.41
15.22044,71.43514,399553.72
15.219842,71.436699,399623.79
15.219246,71.438257,399693.39
15.218649,71.439816,399762.68
15.218053,71.441374,399831.66
15.217456,71.442932,399900.26
15.216859,71.444491,399968.46
15.216262,71.446049,400036.44
15.215666,71.447608,400104.03
15.215069,71.449166,400171.23
15.214473,71.450724,400238.12
15.213876,71.452282,400304.69
15.21328,71.453841,400370.89
15.212684,71.455399,400436.78
15.212087,71.456957,400502.27
15.211492,71.458515,400567.46
15.210895,71.460073,400632.26
15.210299,71.461631,400696.75
15.209703,71.463189,400760.94
15.209106,71.464748,400824.73
15.20851,71.466305,400888.22
15.207914,71.467863,400951.32
15.207318,71.469421,401014.11
15.206722,71.470979,401076.58
15.206126,71.472537,401138.67
15.20553,71.474095,401200.37
15.204934,71.475653,401261.86
15.204338,71.477211,401322.86
15.203742,71.478769,401383.64
15.203146,71.480326,401444.03
15.20255,71.481884,401504.03
15.201955,71.483442,401563.72
15.201359,71.485,401623.11
15.200763,71.486557,401682.1
15.200168,71.488115,401740.79
15.199572,71.489673,401799.07
15.198976,71.49123,401857.06
15.19838,71.492788,401914.66
15.197784,71.494345,401971.95
15.19719,71.495903,402028.94
15.196594,71.49746,402085.53
15.195998,71.499018,402141.82
15.195403,71.500575,402197.71
15.194807,71.502133,402253.3
15.194212,71.50369,402308.5
15.193617,71.505248,402363.39
15.193021,71.506805,402417.97
15.192426,71.508362,402472.16
15.191831,71.50992,402525.96
15.191235,71.511477,402579.54
15.19064,71.513034,402632.73
15.190045,71.514591,402685.53
15.18945,71.516149,402738.02
15.188855,71.517706,402790.21
15.188259,71.519263,402842.0
15.187665,71.52082,402893.4
15.18707,71.522377,402944.48
15.186475,71.523934,402995.36
15.18588,71.525491,403045.76
15.185285,71.527048,403095.85
15.184691,71.528605,403145.54
15.184095,71.530162,403195.03
15.183501,71.531719,403244.03
15.182906,71.533276,403292.72
15.182312,71.534833,403341.11
15.181717,71.53639,403389.18
15.181122,71.537947,403436.88
15.180527,71.539504,403484.17
15.179933,71.541061,403531.25
15.179339,71.542618,403577.86
15.178744,71.544175,403624.24
15.17815,71.545731,403670.23
15.177555,71.547288,403715.82
15.176961,71.548845,403761.1
15.176366,71.550402,403806.0
15.175773,71.551958,403850.59
15.175178,71.553515,403894.88
15.174584,71.555072,403938.77
15.17399,71.556629,403982.36
15.173396,71.558185,404025.65
15.172802,71.559742,404068.45
15.172208,71.561298,404111.04
15.171614,71.562855,404153.23
15.171019,71.564412,404195.03
15.170426,71.565968,404236.6
15.169832,71.567525,404277.7
15.169238,71.569081,404318.59
15.168644,71.570638,404359.08
15.168051,71.572195,404399.26
15.167457,71.573751,404439.06
15.166864,71.575308,404478.55
15.16627,71.576864,404517.63
15.165676,71.57842,404556.42
15.165083,71.579977,404594.82
15.16449,71.581534,404632.91
15.163896,71.583091,404670.7
15.163302,71.584647,404708.09
15.162709,71.586203,404745.18
15.162115,71.58776,404781.87
15.161522,71.589316,404818.27
15.160929,71.590873,404854.25
15.160335,71.592429,404889.94
15.159742,71.593985,404925.33
15.159149,71.595542,404960.32
15.158556,71.597098,404995.01
15.157963,71.598654,405029.31
15.15737,71.600211,405063.3
15.156777,71.601767,405096.97
15.156184,71.603323,405130.27
15.155591,71.604879,405163.25
15.154998,71.606436,405195.85
15.154405,71.607992,405228.05
15.153812,71.609548,405260.03
15.153219,71.611104,405291.62
15.152627,71.61266,405322.82
15.152033,71.614217,405353.7
15.151441,71.615773,405384.29
15.150848,71.617329,405414.49
15.150255,71.618885,405444.37
15.149663,71.620442,405473.96
15.14907,71.621998,405503.15
15.148478,71.623554,405531.95
15.147885,71.62511,405560.44
15.147293,71.626666,405588.62
15.146701,71.628222,405616.41
15.146108,71.629778,405643.9
15.145516,71.631334,405671.0
15.144923,71.63289,405697.88
15.144331,71.634446,405724.28
15.143739,71.636002,405750.37
15.143147,71.637558,405776.15
15.142554,71.639114,405801.54
15.141962,71.64067,405826.63
15.14137,71.642226,405851.33
15.140778,71.643782,405875.72
15.140186,71.645338,405899.81
15.139594,71.646894,405923.5
15.139002,71.64845,405946.88
15.13841,71.650006,405969.87
15.137818,71.651562,405992.56
15.137226,71.653118,406014.86
15.136634,71.654674,406036.85
15.136042,71.65623,406058.54
15.13545,71.657786,406079.83
15.134859,71.659342,406100.81
15.134266,71.660897,406121.4
15.133675,71.662453,406141.69
15.133083,71.664009,406161.59
15.132491,71.665565,406181.27
15.1319,71.667121,406200.47
15.131308,71.668677,406219.36
15.130716,71.670232,406237.94
15.130125,71.671788,406256.14
15.129534,71.673344,406274.02
15.128943,71.6749,406291.61
15.128351,71.676456,406308.8
15.12776,71.678012,406325.6
15.127169,71.679567,406342.19
15.126578,71.681123,406358.37
15.125986,71.682679,406374.16
15.125396,71.684235,406389.65
15.124804,71.685791,406404.84
15.124214,71.687346,406419.63
15.123622,71.688902,406434.03
15.123031,71.690458,406448.12
15.12244,71.692013,406461.9
15.12185,71.693569,406475.39
15.121259,71.695125,406488.48
15.120668,71.696681,406501.18
15.120078,71.698237,406513.57
15.119486,71.699792,406525.64
15.118896,71.701348,406537.34
15.118306,71.702904,406548.73
15.117715,71.704459,406559.73
15.117125,71.706015,406570.42
15.116534,71.707571,406580.8
15.115943,71.709127,406590.8
15.115353,71.710682,406600.47
15.114762,71.712238,406609.77
15.114172,71.713794,406618.76
15.113582,71.71535,406627.36
15.112991,71.716905,406635.74
15.112401,71.718461,406643.64
15.111811,71.720017,406651.23
15.111221,71.721573,406658.51
15.110631,71.723128,406665.49
15.110041,71.724684,406671.99
15.109451,71.72624,406678.28
15.108861,71.727795,406684.17
15.108272,71.729351,406689.76
15.107682,71.730907,406694.94
15.107092,71.732463,406699.83
15.106502,71.734018,406704.33
15.105912,71.735574,406708.52
15.105323,71.73713,406712.32
15.104733,71.738685,406715.8
15.104144,71.740241,406719.0
15.103554,71.741798,406721.78
15.102965,71.743354,406724.27
15.102375,71.744909,406726.36
15.101786,71.746465,406728.16
15.101196,71.748021,406729.65
15.100607,71.749577,406730.72
15.100017,71.751132,406731.51
15.099428,71.752688,406731.91
15.098839,71.754244,406732.0
15.09825,71.7558,406731.69
15.097661,71.757355,406731.08
15.097071,71.758911,406730.16
15.096483,71.760467,406728.85
15.095893,71.762023,406727.24
15.095304,71.763579,406725.24
15.094715,71.765134,406722.93
15.094126,71.76669,406720.22
15.093538,71.768246,406717.3
15.092949,71.769802,406713.89
15.09236,71.771358,406710.19
15.091771,71.772913,406706.17
15.091182,71.774469,406701.86
15.090593,71.776025,406697.06
15.090005,71.777581,406692.03
15.089416,71.779137,406686.63
15.088827,71.780692,406680.83
15.088238,71.782248,406674.81
15.08765,71.783804,406668.4
15.087061,71.78536,406661.58
15.086473,71.786916,406654.48
15.085885,71.788472,406646.97
15.085296,71.790028,406639.17
15.084708,71.791584,406631.05
15.08412,71.793139,406622.55
15.083531,71.794695,406613.72
15.082943,71.796251,406604.52
15.082355,71.797807,406595.1
15.081766,71.799363,406585.2
15.081179,71.800919,406574.99
15.080591,71.802475,406564.47
15.080002,71.804031,406553.56
15.079414,71.805586,406542.35
15.078826,71.807142,406530.75
15.078238,71.808698,406518.83
15.077651,71.810254,406506.61
15.077062,71.81181,406493.93
15.076475,71.813366,406481.01
15.075887,71.814922,406467.79
15.0753,71.816478,406454.18
15.074712,71.818034,406440.18
15.074124,71.81959,406425.87
15.073536,71.821146,406411.24
15.072949,71.822702,406396.24
15.072362,71.824258,406380.83
15.071774,71.825814,406365.22
15.071187,71.82737,406349.2
15.0706,71.828926,406332.8
15.070012,71.830482,406316.09
15.069425,71.832038,406299.07
15.068837,71.833594,406281.67
15.06825,71.83515,406263.96
15.067663,71.836706,406245.84
15.067077,71.838262,406227.43
15.066489,71.839818,406208.63
15.065903,71.841374,406189.52
15.065315,71.842931,406170.11
15.064729,71.844487,406150.29
15.064142,71.846043,406130.18
15.063555,71.847599,406109.68
15.062968,71.849155,406088.87
15.062381,71.850711,406067.75
15.061795,71.852268,406046.25
15.061208,71.853824,406024.33
15.060622,71.85538,406002.22
15.060035,71.856936,405979.61
15.059449,71.858493,405956.8
15.058862,71.860049,405933.58
15.058276,71.861605,405909.98
15.05769,71.863161,405886.16
15.057103,71.864718,405861.86
15.056517,71.866274,405837.25
15.055931,71.86783,405812.35
15.055344,71.869387,405787.12
15.054759,71.870943,405761.51
15.054172,71.8725,405735.51
15.053587,71.874056,405709.29
15.053,71.875612,405682.59
15.052414,71.877169,405655.67
15.051829,71.878725,405628.26
15.051243,71.880282,405600.65
15.050657,71.881838,405572.64
15.050071,71.883395,405544.24
15.049486,71.884951,405515.61
15.0489,71.886508,405486.51
15.048314,71.888064,405457.2
15.047729,71.889621,405427.4
15.047143,71.891178,405397.37
15.046558,71.892734,405366.97
15.045972,71.894291,405336.25
15.045386,71.895847,405305.14
15.044801,71.897404,405273.64
15.044215,71.898961,405241.92
15.043631,71.900517,405209.81
15.043045,71.902074,405177.31
15.04246,71.903631,405144.5
15.041875,71.905187,405111.39
15.041289,71.906744,405077.87
15.040704,71.908301,405044.06
15.040119,71.909858,405009.85
15.039534,71.911415,404975.34
15.038949,71.912972,404940.53
15.038364,71.914529,404905.31
15.03778,71.916086,404869.8
15.037195,71.917643,404833.9
15.03661,71.9192,404797.68
15.036025,71.920757,404761.08
15.03544,71.922314,404724.16
15.034855,71.92387,404686.86
15.034271,71.925427,404649.25
15.033686,71.926985,404611.34
15.033101,71.928542,404573.03
15.032517,71.930099,404534.41
15.031932,71.931656,404495.4
15.031348,71.933213,404456.1
15.030763,71.93477,404416.49
15.030179,71.936327,404376.46
15.029595,71.937884,404336.15
15.02901,71.939441,404295.45
15.028426,71.940998,404254.44
15.027842,71.942556,404213.03
15.027258,71.944113,404171.31
15.026674,71.94567,404129.3
15.02609,71.947227,404086.89
15.025506,71.948784,404044.09
15.024922,71.950342,404001.07
15.024338,71.951899,403957.56
15.023754,71.953456,403913.85
15.02317,71.955014,403869.74
15.022586,71.956571,403825.32
15.022003,71.958129,403780.51
15.021419,71.959686,403735.4
15.020835,71.961243,403689.9
15.020252,71.962801,403644.07
15.019668,71.964358,403597.87
15.019085,71.965916,403551.36
15.018501,71.967474,403504.55
15.017917,71.969031,403457.34
15.017335,71.970588,403409.74
15.016751,71.972146,403361.91
15.016168,71.973704,403313.61
15.015585,71.975261,403265.1
15.015001,71.976819,403216.19
15.014418,71.978377,403166.89
15.013836,71.979935,403117.27
15.013252,71.981492,403067.36
15.012669,71.98305,403017.05
15.012086,71.984608,402966.44
15.011504,71.986166,402915.43
15.010921,71.987723,402864.21
15.01028,71.989437,402807.35
15.009697,71.990995,402755.3
15.009115,71.992553,402702.89
15.008532,71.994111,402650.19
15.007949,71.995669,402597.14
15.007367,71.997227,402543.69
15.006785,71.998785,402489.99
15.006202,72.000343,402435.88
15.00562,72.001901,402381.43
15.005037,72.003459,402326.73
15.004455,72.005018,402271.58
15.003873,72.006576,402216.12
15.003291,72.008134,402160.27
15.002708,72.009692,402104.12
15.002126,72.01125,402047.67
15.001544,72.012809,401990.81
15.000962,72.014367,401933.66
15.00038,72.015925,401876.16
14.999798,72.017484,401818.31
14.999217,72.019042,401760.11
14.998635,72.020601,401701.5
14.998053,72.022159,401642.65
14.997472,72.023718,401583.4
14.99689,72.025276,401523.84
14.996308,72.026835,401463.94
14.995726,72.028393,401403.69
14.995145,72.029952,401343.04
14.994564,72.031511,401282.08
14.993982,72.03307,401220.83
14.993401,72.034628,401159.18
14.992819,72.036187,401097.18
14.992238,72.037746,401034.87
14.991656,72.039304,400972.17
14.991076,72.040863,400909.22
14.990494,72.042422,400845.87
14.989913,72.043981,400782.17
14.989332,72.04554,400718.06
14.988751,72.047099,400653.76
14.98817,72.048658,400589.01
14.987589,72.050217,400523.9
14.987008,72.051776,400458.5
14.986427,72.053335,400392.75
14.985847,72.054894,400326.65
14.985265,72.056454,400260.2
14.984685,72.058013,400193.45
14.984104,72.059572,400126.29
14.983524,72.061131,400058.84
14.982943,72.062691,399991.09
14.982363,72.06425,399922.89
14.981782,72.06581,399854.38
14.981201,72.06737,399785.58
14.980621,72.068929,399716.38
14.98004,72.070489,399646.87
14.97946,72.072048,399576.97
14.97888,72.073608,399506.77
14.9783,72.075167,399436.22
14.977719,72.076727,399365.32
14.977139,72.078287,399294.11
14.976559,72.079846,399222.51
14.975979,72.081406,399150.56
14.975399,72.082966,399078.3
14.974819,72.084525,399005.65
14.974239,72.086085,398932.75
14.973659,72.087645,398859.45
14.973079,72.089205,398785.79
14.972499,72.090765,398711.79
14.97192,72.092325,398637.44
14.97134,72.093885,398562.79
14.970761,72.095445,398487.79
14.970181,72.097005,398412.43
14.969601,72.098565,398336.73
14.969022,72.100125,398260.68
14.968443,72.101685,398184.27
14.967863,72.103246,398107.52
14.967284,72.104806,398030.47
14.966705,72.106366,397953.07
14.966126,72.107926,397875.26
14.965546,72.109487,397797.21
14.964968,72.111047,397718.71
14.964388,72.112608,397639.96
14.963809,72.114168,397560.8
14.96323,72.115729,397481.35
14.962651,72.117289,397401.5
14.962072,72.11885,397321.35
14.961493,72.12041,397240.79
14.960915,72.121971,397159.99
14.960336,72.123532,397078.74
14.959758,72.125093,396997.19
14.959179,72.126653,396915.33
14.9586,72.128214,396833.08
14.958021,72.129775,396750.53
14.957443,72.131336,396667.57
14.956865,72.132897,396584.32
14.956286,72.134458,396500.72
14.955708,72.136019,396416.81
14.95513,72.13758,396332.51
14.954552,72.139141,396247.86
14.953974,72.140702,396162.91
14.953396,72.142263,396077.56
14.952818,72.143825,395991.9
14.95224,72.145386,395905.9
14.951662,72.146947,395819.55
14.951084,72.148509,395732.84
14.950506,72.15007,395645.84
14.949928,72.151631,395558.44
14.949351,72.153193,395470.74
14.948773,72.154755,395382.64
14.948195,72.156317,395294.23
14.947618,72.157878,395205.53
14.947041,72.15944,395116.38
14.946463,72.161001,395026.92
14.945886,72.162563,394937.17
14.945308,72.164125,394847.02
14.944731,72.165687,394756.57
14.944153,72.167249,394665.76
14.943576,72.168811,394574.61
14.942999,72.170373,394483.11
14.942422,72.171935,394391.21
14.941845,72.173497,394299.05
14.941268,72.175059,394206.5
14.940692,72.176621,394113.6
14.940115,72.178183,394020.45
14.939538,72.179746,393926.84
14.938961,72.181308,393832.94
14.938385,72.18287,393738.69
14.937808,72.184433,393644.03
14.937231,72.185995,393549.13
14.936655,72.187558,393453.83
14.936078,72.18912,393358.23
14.935501,72.190683,393262.27
14.934925,72.192246,393165.92
14.934349,72.193808,393069.27
14.933773,72.195371,392972.27
14.933196,72.196934,392874.96
14.93262,72.198497,392777.21
14.932044,72.20006,392679.21
14.931467,72.201622,392580.8
14.930891,72.203185,392482.1
14.930315,72.204748,392383.0
14.929739,72.206312,392283.59
14.929163,72.207875,392183.84
14.928588,72.209438,392083.79
14.928012,72.211001,391983.29
14.927436,72.212564,391882.53
14.92686,72.214128,391781.38
14.926284,72.215691,391679.93
14.925709,72.217254,391578.08
14.925133,72.218818,391475.92
14.924557,72.220381,391373.42
14.923981,72.221945,391270.52
14.923407,72.223508,391167.36
14.922831,72.225072,391063.81
14.922255,72.226636,390959.91
14.92168,72.2282,390855.66
14.921105,72.229763,390751.15
14.920529,72.231327,390646.2
14.919954,72.232891,390540.95
14.919379,72.234455,390435.39
14.918804,72.236019,390329.39
14.918229,72.237583,390223.09
14.917654,72.239147,390116.44
14.917079,72.240711,390009.48
14.916504,72.242276,389902.18
14.91593,72.24384,389794.48
14.915355,72.245404,389686.47
14.91478,72.246969,389578.12
14.914205,72.248533,389469.47
14.913631,72.250097,389360.42
14.913056,72.251662,389250.96
14.912482,72.253226,389141.26
14.911907,72.254791,389031.21
14.911333,72.256356,388920.75
14.910758,72.257921,388810.0
14.910184,72.259485,388698.9
14.90961,72.26105,388587.4
14.909036,72.262615,388475.64
14.908461,72.26418,388363.49
14.907888,72.265745,388251.04
14.907314,72.26731,388138.18
14.90674,72.268875,388025.03
14.906166,72.27044,387911.48
14.905592,72.272005,387797.57
14.905018,72.273571,387683.42
14.904444,72.275136,387568.87
14.903871,72.276701,387453.97
14.903297,72.278267,387338.71
14.902724,72.279832,387223.16
14.90215,72.281398,387107.21
14.901577,72.282963,386990.95
14.901003,72.284529,386874.3
14.90043,72.286095,386757.35
14.899857,72.28766,386640.05
14.899283,72.289226,386522.39
14.89871,72.290792,386404.34
14.898138,72.292358,386286.03
14.897564,72.293924,386167.33
14.896991,72.29549,386048.28
14.896419,72.297056,385928.93
14.895846,72.298622,385809.23
14.895273,72.300189,385689.12
14.8947,72.301755,385568.77
14.894127,72.303321,385447.97
14.893555,72.304888,385326.91
14.892982,72.306454,385205.46
14.89241,72.308021,385083.71
14.891837,72.309587,384961.55
14.891265,72.311154,384839.05
14.890692,72.312721,384716.2
14.89012,72.314287,384593.09
14.889548,72.315854,384469.59
14.888976,72.317421,384345.74
14.888404,72.318988,384221.49
14.887831,72.320555,384096.93
14.88726,72.322122,383972.08
14.886687,72.323689,383846.82
14.886115,72.325257,383721.27
14.885544,72.326824,383595.37
14.884972,72.328391,383469.02
14.8844,72.329959,383342.46
14.883827,72.331526,383215.51
14.883256,72.333094,383088.21
14.882684,72.334661,382960.56
14.882113,72.336229,382832.55
14.881541,72.337796,382704.25
14.88097,72.339364,382575.5
14.880399,72.340932,382446.54
14.879827,72.3425,382317.14
14.879256,72.344068,382187.44
14.878684,72.345636,382057.38
14.878113,72.347204,381926.93
14.877542,72.348772,381796.23
14.876971,72.35034,381665.07
14.8764,72.351908,381533.62
14.875829,72.353477,381401.87
14.875258,72.355045,381269.71
14.874687,72.356614,381137.26
14.874116,72.358182,381004.41
14.873546,72.359751,380871.25
14.872975,72.361319,380737.75
14.872404,72.362888,380603.9
14.871833,72.364457,380469.75
14.871263,72.366026,380335.14
14.870692,72.367595,380200.24
14.870121,72.369164,380065.04
14.869551,72.370732,379929.43
14.868981,72.372302,379793.53
14.86841,72.373871,379657.28
14.86784,72.37544,379520.62
14.86727,72.377009,379383.67
14.8667,72.378579,379246.32
14.86613,72.380148,379108.66
14.86556,72.381717,378970.66
14.86499,72.383287,378832.36
14.86442,72.384856,378693.65
14.86385,72.386426,378554.6
14.86328,72.387996,378415.25
14.86271,72.389566,378275.49
14.862141,72.391135,378135.44
14.861571,72.392705,377995.04
14.861001,72.394275,377854.29
14.860432,72.395845,377713.13
14.859862,72.397416,377571.68
14.859293,72.398986,377429.93
14.858723,72.400556,377287.77
14.858155,72.402126,377145.32
14.857585,72.403697,377002.46
14.857016,72.405267,376859.26
14.856447,72.406838,376715.71
14.855878,72.408408,376571.86
14.855309,72.409979,376427.66
14.85474,72.41155,376283.1
14.854171,72.413121,376138.15
14.853602,72.414691,375992.94
14.853034,72.416262,375847.34
14.852465,72.417833,375701.39
14.851896,72.419404,375555.13
14.851328,72.420976,375408.48
14.850759,72.422547,375261.48
14.850191,72.424118,375114.17
14.849622,72.425689,374966.52
14.849054,72.427261,374818.47
14.848486,72.428833,374670.11
14.847918,72.430404,374521.41
14.847349,72.431976,374372.36
14.846782,72.433547,374222.9
14.846213,72.435119,374073.2
14.845646,72.436691,373923.1
14.845078,72.438263,373772.64
14.84451,72.439835,373621.84
14.843942,72.441407,373470.74
14.843374,72.442979,373319.23
14.842807,72.444552,373167.43
14.842239,72.446124,373015.23
14.841672,72.447696,372862.77
14.841105,72.449269,372709.92
14.840537,72.450841,372556.72
14.83997,72.452414,372403.16
14.839403,72.453987,372249.31
14.838835,72.455559,372095.06
14.838268,72.457132,371940.4
14.837701,72.458705,371785.55
14.837134,72.460278,371630.2
14.836567,72.461851,371474.64
14.836001,72.463424,371318.64
14.835433,72.464998,371162.29
14.834867,72.466571,371005.63
14.8343,72.468144,370848.68
14.833733,72.469718,370691.33
14.833166,72.471291,370533.57
14.8326,72.472865,370375.57
14.832034,72.474439,370217.17
14.831467,72.476012,370058.47
14.830901,72.477586,369899.31
14.830334,72.47916,369739.9
14.829768,72.480734,369580.1
14.829202,72.482308,369420.05
14.828635,72.483882,369259.55
14.828069,72.485456,369098.69
14.827504,72.487031,368937.54
14.826937,72.488605,368776.09
14.826372,72.49018,368614.23
14.825805,72.491754,368451.98
14.82524,72.493329,368289.43
14.824674,72.494903,368126.53
14.824108,72.496478,367963.32
14.823543,72.498053,367799.72
14.822977,72.499628,367635.76
14.822411,72.501203,367471.51
14.821846,72.502778,367306.86
14.82128,72.504353,367141.9
14.820715,72.505928,366976.55
14.820149,72.507504,366810.95
14.819584,72.509079,366644.89
14.819019,72.510655,366478.54
14.818453,72.51223,366311.83
14.817888,72.513806,366144.78
14.817323,72.515381,365977.38
14.816758,72.516957,365809.62
14.816193,72.518533,365641.52
14.815628,72.520109,365473.12
14.815064,72.521685,365304.32
14.814499,72.523261,365135.16
14.813934,72.524837,364965.71
14.813369,72.526414,364795.86
14.812805,72.52799,364625.7
14.81224,72.529566,364455.15
14.811675,72.531143,364284.29
14.811111,72.53272,364113.09
14.810547,72.534296,363941.54
14.809983,72.535873,363769.58
14.809418,72.53745,363597.38
14.808854,72.539027,363424.78
14.80829,72.540603,363251.82
14.807726,72.542181,363078.52
14.807162,72.543758,362904.87
14.806598,72.545335,362730.91
14.806034,72.546912,362556.56
14.805471,72.54849,362381.91
14.804907,72.550067,362206.85
14.804343,72.551645,362031.45
14.80378,72.553222,361855.74
14.803216,72.5548,361679.69
14.802652,72.556378,361503.29
14.802089,72.557956,361326.53
14.801526,72.559534,361149.38
14.800963,72.561112,360971.93
14.800399,72.56269,360794.17
14.799836,72.564268,360615.97
14.799273,72.565847,360437.47
14.79871,72.567425,360258.61
14.798148,72.569004,360079.46
14.797585,72.570582,359899.9
14.797022,72.572161,359720.0
14.796459,72.57374,359539.75
14.795897,72.575319,359359.19
14.795334,72.576898,359178.24
14.794772,72.578477,358996.99
14.794209,72.580056,358815.33
14.793646,72.581635,358633.38
14.793084,72.583214,358451.08
14.792522,72.584794,358268.42
14.79196,72.586373,358085.37
14.791397,72.587953,357902.02
14.790835,72.589532,357718.31
14.790274,72.591112,357534.26
14.789712,72.592692,357349.85
14.78915,72.594272,357165.1
14.788588,72.595852,356980.0
14.788026,72.597432,356794.55
14.787464,72.599012,356608.79
14.786903,72.600592,356422.64
14.786341,72.602173,356236.14
14.78578,72.603753,356049.33
14.785218,72.605334,355862.13
14.784657,72.606914,355674.62
14.784096,72.608495,355486.72
14.783535,72.610076,355298.56
14.782973,72.611657,355109.97
14.782412,72.613238,354921.06
14.781851,72.614819,354731.76
14.781291,72.6164,354542.1
14.780729,72.617982,354352.15
14.780169,72.619563,354161.84
14.779608,72.621144,353971.24
14.779047,72.622726,353780.19
14.778486,72.624308,353588.83
14.777925,72.625889,353397.18
14.777365,72.627471,353205.08
14.776804,72.629053,353012.67
14.776244,72.630635,352819.97
14.775683,72.632217,352626.86
14.775123,72.6338,352433.41
14.774563,72.635382,352239.61
14.774003,72.636964,352045.45
14.773442,72.638547,351851.0
14.772882,72.640129,351656.14
14.772323,72.641712,351460.99
14.771762,72.643295,351265.43
14.771202,72.644878,351069.54
14.770642,72.646461,350873.38
14.770083,72.648044,350676.73
14.769523,72.649627,350479.83
14.768964,72.65121,350282.52
14.768404,72.652793,350084.96
14.767844,72.654377,349886.96
14.767285,72.65596,349688.61
14.766726,72.657544,349489.95
14.766166,72.659128,349291.0
14.765606,72.660711,349091.6
14.765047,72.662295,348891.89
14.764488,72.663879,348691.84
14.763929,72.665463,348491.44
14.763369,72.667048,348290.68
14.762811,72.668632,348089.53
14.762252,72.670216,347888.17
14.761692,72.671801,347686.32
14.761134,72.673385,347484.17
14.760575,72.67497,347281.71
14.760016,72.676555,347078.86
14.759458,72.67814,346875.66
14.758899,72.679724,346672.1
14.758341,72.681309,346468.25
14.757782,72.682895,346263.99
14.757224,72.68448,346059.39
14.756666,72.686065,345854.44
14.756107,72.687651,345649.18
14.755549,72.689236,345443.53
14.754991,72.690822,345237.58
14.754434,72.692408,345031.22
14.753876,72.693993,344824.57
14.753318,72.695579,344617.51
14.75276,72.697165,344410.16
14.752202,72.698751,344202.36
14.751645,72.700338,343994.35
14.751087,72.701924,343785.9
14.750529,72.70351,343577.14
14.749972,72.705097,343368.04
14.749415,72.706683,343158.59
14.748857,72.70827,342948.73
14.7483,72.709857,342738.58
14.747743,72.711444,342528.08
14.747186,72.713032,342317.17
14.746629,72.714619,342105.97
14.746072,72.716206,341894.41
14.745515,72.717793,341682.51
14.744958,72.719381,341470.21
14.744401,72.720969,341257.65
14.743845,72.722556,341044.65
14.743288,72.724144,340831.34
14.742732,72.725732,340617.69
14.742175,72.72732,340403.69
14.741619,72.728908,340189.33
14.741063,72.730496,339974.58
14.740507,72.732084,339759.52
14.739951,72.733673,339544.17
14.739394,72.735261,339328.42
14.738838,72.73685,339112.31
14.738282,72.738438,338895.86
14.737727,72.740027,338679.05
14.737171,72.741616,338461.9
14.736615,72.743205,338244.44
14.73606,72.744794,338026.54
14.735504,72.746383,337808.39
14.734949,72.747973,337589.83
14.734393,72.749562,337370.88
14.733837,72.751152,337151.68
14.733282,72.752741,336932.07
14.732727,72.754331,336712.17
14.732172,72.755921,336491.81
14.731617,72.757511,336271.16
14.731062,72.759101,336050.11
14.730507,72.760691,335828.81
14.729952,72.762281,335607.15
14.729396,72.763872,335385.14
14.728842,72.765462,335162.69
14.728287,72.767053,334939.99
14.727733,72.768643,334716.93
14.727178,72.770234,334493.48
14.726623,72.771825,334269.62
14.726069,72.773416,334045.52
14.725515,72.775007,333821.02
14.72496,72.776599,333596.16
14.724406,72.77819,333370.96
14.723852,72.779782,333145.45
14.723298,72.781373,332919.55
14.722743,72.782965,332693.3
14.72219,72.784557,332466.7
14.721635,72.786149,332239.69
14.721081,72.787741,332012.43
14.720528,72.789333,331784.83
14.719973,72.790925,331556.78
14.71942,72.792518,331328.52
14.718866,72.79411,331099.77
14.718313,72.795703,330870.71
14.717759,72.797295,330641.36
14.717206,72.798888,330411.61
14.716653,72.800481,330181.5
14.7161,72.802074,329951.05
14.715546,72.803668,329720.29
14.714993,72.805261,329489.14
14.71444,72.806854,329257.69
14.713887,72.808448,329025.83
14.713334,72.810042,328793.58
14.712781,72.811635,328561.12
14.712228,72.813229,328328.17
14.711675,72.814823,328094.97
14.711123,72.816417,327861.36
14.71057,72.818011,327627.4
14.710017,72.819605,327393.11
14.709465,72.8212,327158.45
14.708913,72.822794,326923.5
14.70836,72.824389,326688.14
14.707808,72.825984,326452.44
14.707256,72.827578,326216.33
14.706704,72.829173,325979.98
14.706152,72.830768,325743.22
14.7056,72.832364,325506.12
14.705048,72.833959,325268.67
14.704496,72.835554,325030.87
14.703945,72.83715,324792.66
14.703393,72.838745,324554.2
14.702841,72.840341,324315.3
14.702289,72.841937,324076.09
14.701738,72.843533,323836.49
14.701187,72.845129,323596.64
14.700636,72.846725,323356.38
14.700084,72.848322,323115.78
14.699533,72.849918,322874.83
14.698982,72.851514,322633.52
14.698431,72.853111,322391.87
14.69788,72.854708,322149.86
14.697329,72.856305,321907.51
14.696778,72.857902,321664.76
14.696227,72.859499,321421.7
14.695677,72.861096,321178.25
14.695126,72.862694,320934.49
14.694576,72.864291,320690.39
14.694026,72.865889,320445.94
14.693476,72.867487,320201.08
14.692925,72.869085,319955.93
14.692375,72.870683,319710.37
14.691825,72.872281,319464.52
14.691275,72.873879,319218.26
14.690725,72.875477,318971.71
14.690175,72.877076,318724.75
14.689625,72.878674,318477.45
14.689076,72.880273,318229.8
14.688526,72.881872,317981.84
14.687976,72.883471,317733.49
14.687427,72.88507,317484.83
14.686878,72.886669,317235.78
14.686328,72.888268,316986.32
14.685779,72.889868,316736.57
14.68523,72.891467,316486.51
14.684681,72.893067,316236.06
14.684132,72.894667,315985.26
14.683583,72.896267,315734.1
14.683034,72.897867,315482.6
14.682485,72.899467,315230.74
14.681936,72.901067,314978.54
14.681387,72.902667,314725.99
14.680839,72.904268,314473.03
14.68029,72.905869,314219.83
14.679742,72.90747,313966.22
14.679194,72.90907,313712.22
14.678645,72.910672,313457.91
14.678097,72.912273,313203.26
14.677549,72.913874,312948.26
14.677001,72.915475,312692.85
14.676453,72.917077,312437.15
14.675905,72.918679,312181.09
14.675357,72.920281,311924.59
14.674809,72.921882,311667.84
14.674262,72.923484,311410.68
14.673714,72.925087,311153.23
14.673166,72.926689,310895.37
14.672619,72.928291,310637.22
14.672071,72.929894,310378.62
14.671524,72.931497,310119.76
14.670976,72.933099,309860.45
14.670429,72.934702,309600.85
14.669882,72.936305,309340.89
14.669335,72.937909,309080.64
14.668788,72.939512,308819.99
14.668241,72.941115,308558.93
14.667694,72.942719,308297.58
14.667147,72.944322,308035.88
14.6666,72.945926,307773.82
14.666054,72.94753,307511.41
14.665507,72.949134,307248.61
14.66496,72.950739,306985.56
14.664414,72.952343,306722.0
14.663868,72.953947,306458.25
14.663321,72.955552,306193.99
14.662775,72.957157,305929.49
14.662229,72.958761,305664.58
14.661683,72.960366,305399.38
14.661137,72.961971,305133.73
14.660591,72.963576,304867.82
14.660045,72.965182,304601.52
14.659499,72.966787,304334.86
14.658953,72.968393,304067.81
14.658407,72.969998,303800.45
14.657862,72.971604,303532.8
14.657316,72.97321,303264.7
14.656771,72.974816,302996.24
14.656225,72.976423,302727.49
14.65568,72.978029,302458.38
14.655135,72.979635,302188.88
14.65459,72.981242,301919.02
14.654045,72.982849,301648.87
14.6535,72.984456,301378.31
14.652955,72.986063,301107.41
14.65241,72.98767,300836.2
14.651865,72.989278,300564.6
14.65132,72.990885,300292.64
14.650776,72.992493,300020.34
14.650232,72.9941,299747.74
14.649687,72.995708,299474.68
14.649143,72.997316,299201.33
14.648598,72.998924,298927.57
14.648054,73.000533,298653.52
14.64751,73.002141,298379.06
14.646966,73.003749,298104.31
14.646422,73.005358,297829.2
14.645878,73.006967,297553.65
14.645334,73.008576,297277.85
14.644791,73.010185,297001.64
14.644247,73.011794,296725.08
14.643703,73.013403,296448.23
14.64316,73.015012,296170.93
14.642617,73.016622,295893.37
14.642073,73.018232,295615.36
14.64153,73.019841,295337.06
14.640987,73.021451,295058.41
14.640444,73.023062,294779.35
14.639901,73.024672,294500.0
14.639358,73.026282,294220.24
14.638816,73.027893,293940.19
14.638273,73.029503,293659.73
14.63773,73.031114,293378.93
14.637188,73.032725,293097.78
14.636645,73.034336,292816.22
14.636103,73.035947,292534.47
14.635561,73.037559,292252.21
14.635018,73.03917,291969.66
14.634477,73.040782,291686.76
14.633934,73.042394,291403.5
14.633393,73.044005,291119.85
14.632851,73.045617,290835.84
14.632309,73.04723,290551.53
14.631767,73.048842,290266.88
14.631225,73.050455,289981.83
14.630684,73.052067,289696.37
14.630142,73.05368,289410.62
14.629601,73.055293,289124.56
14.629059,73.056906,288838.06
14.628518,73.058519,288551.25
14.627977,73.060132,288264.05
14.627436,73.061746,287976.6
14.626894,73.06336,287688.74
14.626353,73.064973,287400.48
14.625813,73.066587,287111.93
14.625272,73.068201,286822.97
14.624731,73.069816,286533.67
14.62419,73.07143,286243.96
14.62365,73.073044,285953.96
14.623109,73.074659,285663.61
14.622569,73.076274,285372.85
14.622028,73.077889,285081.74
14.621488,73.079504,284790.24
14.620947,73.081119,284498.49
14.620408,73.082734,284206.33
14.619868,73.08435,283913.88
14.619328,73.085966,283621.07
14.618788,73.087581,283327.86
14.618248,73.089197,283034.31
14.617708,73.090813,282740.41
14.617168,73.092429,282446.15
14.616629,73.094046,282151.5
14.616089,73.095662,281856.54
14.61555,73.097279,281561.19
14.61501,73.098896,281265.49
14.614471,73.100512,280969.43
14.613932,73.10213,280672.98
14.613393,73.103747,280376.22
14.612854,73.105364,280079.17
14.612314,73.106982,279781.71
14.611776,73.108599,279483.86
14.611237,73.110217,279185.7
14.610698,73.111835,278887.15
14.610159,73.113453,278588.24
14.609621,73.115071,278288.99
14.609083,73.11669,277989.38
14.608544,73.118308,277689.43
14.608005,73.119927,277389.12
14.607467,73.121546,277088.47
14.606929,73.123165,276787.41
14.606391,73.124784,276486.06
14.605853,73.126403,276184.3
14.605315,73.128023,275882.2
14.604777,73.129642,275579.75
14.60424,73.131262,275276.99
14.603702,73.132882,274973.78
14.603165,73.134502,274670.28
14.602627,73.136122,274366.42
14.60209,73.137742,274062.17
14.601552,73.139363,273757.61
14.601015,73.140983,273452.66
14.600478,73.142604,273147.36
14.599941,73.144225,272841.7
14.599404,73.145846,272535.69
14.598867,73.147467,272229.34
14.59833,73.149088,271922.64
14.597794,73.15071,271615.58
14.597257,73.152331,271308.12
14.596721,73.153953,271000.37
14.596184,73.155575,270692.22
14.595648,73.157197,270383.66
14.595111,73.158819,270074.8
14.594575,73.160442,269765.6
14.594039,73.162064,269455.99
14.593503,73.163687,269146.09
14.592967,73.16531,268835.74
14.592431,73.166934,268525.18
14.591895,73.168557,268214.13
14.59136,73.17018,267902.77
14.590824,73.171804,267591.01
14.590288,73.173427,267278.96
14.589753,73.175051,266966.56
14.589218,73.176675,266653.75
14.588683,73.178299,266340.55
14.588147,73.179923,266027.09
14.587613,73.181548,265713.24
14.587077,73.183172,265398.98
14.586543,73.184797,265084.43
14.586008,73.186422,264769.52
14.585474,73.188047,264454.22
14.584938,73.189672,264138.56
14.584404,73.191297,263822.56
14.583869,73.192923,263506.2
14.583335,73.194549,263189.49
14.582801,73.196174,262872.39
14.582266,73.1978,262554.94
14.581733,73.199426,262237.18
14.581199,73.201053,261919.03
14.580665,73.202679,261600.52
14.580131,73.204306,261281.67
14.579597,73.205933,260962.46
14.579063,73.20756,260642.86
14.57853,73.209187,260322.95
14.577996,73.210814,260002.65
14.577463,73.212441,259681.99
14.576929,73.214069,259361.04
14.576396,73.215697,259039.68
14.575863,73.217325,258717.92
14.57533,73.218952,258395.82
14.574797,73.220581,258073.41
14.574264,73.222209,257750.66
14.573731,73.223838,257427.5
14.573198,73.225466,257104.0
14.572665,73.227095,256780.09
14.572133,73.228724,256455.89
14.571601,73.230354,256131.29
14.571068,73.231983,255806.38
14.570535,73.233612,255481.02
14.570004,73.235242,255155.42
14.569471,73.236872,254829.41
14.568939,73.238502,254503.01
14.568408,73.240132,254176.25
14.567875,73.241763,253849.2
14.567343,73.243393,253521.74
14.566811,73.245024,253193.89
14.56628,73.246655,252865.73
14.565748,73.248286,252537.18
14.565216,73.249917,252208.32
14.564685,73.251548,251879.07
14.564153,73.25318,251549.46
14.563622,73.254811,251219.51
14.563091,73.256443,250889.2
14.56256,73.258075,250558.5
14.562029,73.259707,250227.5
14.561498,73.26134,249896.09
14.560967,73.262972,249564.33
14.560436,73.264605,249232.28
14.559905,73.266238,248899.82
14.559375,73.26787,248566.96
14.558844,73.269504,248233.76
14.558314,73.271137,247900.25
14.557784,73.27277,247566.35
14.557254,73.274404,247232.09
14.556723,73.276038,246897.44
14.556193,73.277672,246562.48
14.555663,73.279306,246227.13
14.555133,73.28094,245891.47
14.554603,73.282575,245555.37
14.554074,73.284209,245218.96
14.553544,73.285844,244882.21
14.552909,73.287806,244477.56
14.552379,73.289441,244140.03
14.55185,73.291076,243802.09
14.551321,73.292712,243463.82
14.550791,73.294348,243125.12
14.550262,73.295983,242786.18
14.549733,73.29762,242446.85
14.549205,73.299256,242107.11
14.548676,73.300892,241767.08
14.548147,73.302528,241426.58
14.547619,73.304165,241085.81
14.54709,73.305802,240744.61
14.546562,73.307439,240403.07
14.546033,73.309076,240061.2
14.545505,73.310713,239719.0
14.544977,73.312351,239376.36
14.544449,73.313989,239033.43
14.543921,73.315626,238690.09
14.543394,73.317264,238346.35
14.542866,73.318902,238002.35
14.542339,73.320541,237657.92
14.54181,73.322179,237313.18
14.541283,73.323818,236968.04
14.540755,73.325457,236622.61
14.540229,73.327096,236276.77
14.539702,73.328735,235930.54
14.539174,73.330374,235584.0
14.538647,73.332015,235237.07
14.53812,73.333655,234889.76
14.537593,73.335295,234542.09
14.537067,73.336935,234194.09
14.53654,73.338575,233845.72
14.536014,73.340216,233497.02
14.535487,73.341856,233147.88
14.534961,73.343497,232798.45
14.534435,73.345138,232448.71
14.533909,73.346779,232098.51
14.533383,73.34842,231748.04
14.532857,73.350062,231397.11
14.532331,73.351704,231045.87
14.531805,73.353346,230694.27
14.53128,73.354988,230342.3
14.530754,73.35663,229989.9
14.530229,73.358272,229637.26
14.529703,73.359915,229284.22
14.529178,73.361557,228930.79
14.528653,73.363201,228577.05
14.528128,73.364844,228222.92
14.527603,73.366487,227868.38
14.527077,73.36813,227513.54
14.526553,73.369774,227158.31
14.526028,73.371418,226802.71
14.525503,73.373062,226446.77
14.524979,73.374706,226090.54
14.524454,73.37635,225733.86
14.523929,73.377995,225376.83
14.523405,73.37964,225019.43
14.522881,73.381285,224661.69
14.522357,73.38293,224303.55
14.521833,73.384575,223945.12
14.521308,73.38622,223586.28
14.520785,73.387866,223227.08
14.520261,73.389512,222867.54
14.519737,73.391158,222507.61
14.519213,73.392805,222147.37
14.51869,73.394451,221786.74
14.518167,73.396098,221425.7
14.517643,73.397745,221064.37
14.51712,73.399391,220702.63
14.516597,73.401039,220340.49
14.516074,73.402686,219978.09
14.51555,73.404333,219615.25
14.515028,73.405981,219252.08
14.514505,73.407629,218888.58
14.513982,73.409277,218524.65
14.51346,73.410925,218160.41
14.512937,73.412574,217795.77
14.512415,73.414222,217430.74
14.511893,73.415871,217065.4
14.51137,73.41752,216699.7
14.510848,73.419169,216333.63
14.510326,73.420818,215967.23
14.509804,73.422468,215600.46
14.509282,73.424117,215233.26
14.50876,73.425767,214865.72
14.508239,73.427417,214497.88
14.507718,73.429067,214129.65
14.507195,73.430718,213761.01
14.506675,73.432368,213392.01
14.506153,73.434019,213022.74
14.505632,73.43567,212653.0
14.505111,73.437321,212282.97
14.50459,73.438972,211912.57
14.504069,73.440624,211541.79
14.503548,73.442276,211170.59
14.503028,73.443927,210799.05
14.502507,73.44558,210427.22
14.501986,73.447232,210054.98
14.501466,73.448884,209682.35
14.500946,73.450537,209309.41
14.500426,73.45219,208936.08
14.499906,73.453843,208562.44
14.499385,73.455496,208188.4
14.498866,73.45715,207813.97
14.498346,73.458803,207439.23
14.497827,73.460457,207064.03
14.497307,73.462111,206688.59
14.496787,73.463765,206312.72
14.496268,73.465419,205936.52
14.495749,73.467074,205559.88
14.49523,73.468729,205182.88
14.49471,73.470384,204805.61
14.494191,73.472039,204427.87
14.493673,73.473694,204049.87
14.493154,73.47535,203671.44
14.492635,73.477005,203292.66
14.492117,73.478661,202913.53
14.491598,73.480317,202534.03
14.49108,73.481974,202154.09
14.490562,73.48363,201773.92
14.490043,73.485287,201393.32
14.489525,73.486944,201012.38
14.489007,73.488601,200631.04
14.488489,73.490258,200249.34
14.487971,73.491915,199867.27
14.487453,73.493573,199484.87
14.486936,73.495231,199102.1
14.486418,73.496889,198718.9
14.485901,73.498547,198335.43
14.485384,73.500206,197951.52
14.484867,73.501864,197567.29
14.48435,73.503523,197182.75
14.483833,73.505182,196797.72
14.483316,73.506841,196412.41
14.4828,73.508501,196026.74
14.482283,73.51016,195640.64
14.481766,73.51182,195254.27
14.48125,73.51348,194867.47
14.480733,73.51514,194480.33
14.480218,73.5168,194092.8
14.479701,73.518461,193704.92
14.479185,73.520122,193316.62
14.478669,73.521783,192927.99
14.478153,73.523444,192539.05
14.477637,73.525106,192149.71
14.477121,73.526767,191759.98
14.476605,73.528429,191369.87
14.47609,73.530091,190979.44
14.475575,73.531753,190588.57
14.475059,73.533416,190197.43
14.474545,73.535079,189805.89
14.474029,73.536741,189413.99
14.473514,73.538404,189021.76
14.472999,73.540068,188629.12
14.472484,73.541731,188236.08
14.47197,73.543394,187842.75
14.471455,73.545058,187449.01
14.47094,73.546722,187054.91
14.470426,73.548387,186660.47
14.469911,73.550051,186265.64
14.469397,73.551716,185870.46
14.468883,73.55338,185474.93
14.468369,73.555045,185078.99
14.467855,73.556711,184682.69
14.467341,73.558376,184286.05
14.466827,73.560041,183889.02
14.466314,73.561707,183491.61
14.465801,73.563373,183093.94
14.465286,73.56504,182695.8
14.464773,73.566706,182297.3
14.46426,73.568373,181898.47
14.463747,73.570039,181499.29
14.463234,73.571706,181099.69
14.462721,73.573374,180699.76
14.462209,73.575041,180299.42
14.461695,73.576709,179898.75
14.461182,73.578377,179497.75
14.46067,73.580045,179096.31
14.460157,73.581713,178694.57
14.459645,73.583382,178292.37
14.459133,73.58505,177889.9
14.45862,73.586719,177487.0
14.458108,73.588388,177083.76
14.457596,73.590058,176680.19
14.457085,73.591727,176276.19
14.456573,73.593397,175871.85
14.456061,73.595067,175467.11
14.455549,73.596737,175062.08
14.455038,73.598407,174656.64
14.454527,73.600078,174250.8
14.454015,73.601749,173844.67
14.453504,73.60342,173438.13
14.452993,73.605091,173031.19
14.452483,73.606762,172623.86
14.451972,73.608434,172216.22
14.451461,73.610105,171808.22
14.450951,73.611777,171399.85
14.45044,73.61345,170991.11
14.449929,73.615122,170582.01
14.449419,73.616795,170172.47
14.448909,73.618467,169762.63
14.4484,73.620141,169352.5
14.44789,73.621814,168941.93
14.447329,73.623655,168489.88
14.44682,73.625328,168078.43
14.44631,73.627002,167666.75
14.4458,73.628676,167254.67
14.44529,73.630351,166842.17
14.444782,73.632025,166429.32
14.444273,73.6337,166016.11
14.443764,73.635375,165602.57
14.443255,73.63705,165188.66
14.442745,73.638726,164774.28
14.442237,73.640401,164359.71
14.441728,73.642077,163944.63
14.441219,73.643753,163529.15
14.440711,73.645429,163113.3
14.440203,73.647106,162697.2
14.439695,73.648783,162280.7
14.439187,73.650459,161863.82
14.438679,73.652137,161446.57
14.438171,73.653814,161028.97
14.437663,73.655491,160610.99
14.437155,73.657169,160192.62
14.436648,73.658847,159773.86
14.436141,73.660526,159354.76
14.435634,73.662204,158935.38
14.435126,73.663883,158515.51
14.43462,73.665562,158095.33
14.434113,73.667241,157674.75
14.433606,73.66892,157253.85
14.4331,73.6706,156832.5
14.432592,73.672279,156410.82
14.432086,73.673959,155988.82
14.43158,73.67564,155566.44
14.431074,73.67732,155143.66
14.430567,73.679001,154720.51
14.430061,73.680682,154297.01
14.429555,73.682363,153873.13
14.429049,73.684044,153448.85
14.428544,73.685726,153024.28
14.428037,73.687407,152599.3
14.427532,73.689089,152173.92
14.427027,73.690772,151748.22
14.426521,73.692454,151322.14
14.426016,73.694136,150895.67
14.425511,73.69582,150468.82
14.425006,73.697503,150041.61
14.424501,73.699186,149614.03
14.423996,73.700869,149186.06
14.423491,73.702553,148757.78
14.422987,73.704237,148329.1
14.422482,73.705921,147900.05
14.421978,73.707606,147470.65
14.421473,73.709291,147040.87
14.420969,73.710975,146610.69
14.420465,73.71266,146180.12
14.419961,73.714346,145749.22
14.419457,73.716031,145317.96
14.418953,73.717717,144886.29
14.418449,73.719403,144454.28
14.417945,73.721089,144021.91
14.417442,73.722776,143589.16
14.416938,73.724462,143156.05
14.416435,73.726149,142722.55
14.415933,73.727836,142288.62
14.41543,73.729524,141854.42
14.414926,73.731211,141419.74
14.414424,73.732899,140984.76
14.413921,73.734587,140549.46
14.413418,73.736275,140113.71
14.412916,73.737963,139677.61
14.412413,73.739652,139241.16
14.411911,73.741341,138804.35
14.411408,73.74303,138367.08
14.410906,73.744719,137929.5
14.410405,73.746409,137491.52
14.409903,73.748099,137053.24
14.409401,73.749789,136614.47
14.4089,73.751479,136175.42
14.408398,73.75317,135736.01
14.407897,73.75486,135296.23
14.407395,73.756551,134855.96
14.406894,73.758242,134415.48
14.406393,73.759934,133974.5
14.405892,73.761625,133533.23
14.405391,73.763317,133091.55
14.404891,73.765009,132649.47
14.40439,73.766702,132207.07
14.40389,73.768394,131764.39
14.403389,73.770087,131321.21
14.402889,73.77178,130877.66
14.402389,73.773473,130433.76
14.401888,73.775167,129989.48
14.401388,73.77686,129544.83
14.400889,73.778554,129099.83
14.400389,73.780248,128654.45
14.399889,73.781943,128208.75
14.399391,73.783638,127762.67
14.398892,73.785333,127316.11
14.398392,73.787028,126869.32
14.397893,73.788724,126422.04
14.397394,73.790419,125974.38
14.396894,73.792115,125526.4
14.396396,73.793811,125078.0
14.395897,73.795507,124629.22
14.395398,73.797204,124180.15
14.3949,73.798901,123730.67
14.394401,73.800598,123280.79
14.393903,73.802295,122830.61
14.393405,73.803993,122380.04
14.392907,73.80569,121929.03
14.39241,73.807388,121477.68
14.391912,73.809086,121025.98
14.391414,73.810785,120573.9
14.390917,73.812483,120121.35
14.39042,73.814182,119668.57
14.389922,73.815881,119215.37
14.389425,73.817581,118761.79
14.388928,73.81928,118307.82
14.388431,73.82098,117853.46
14.387935,73.822681,117398.76
14.387438,73.824382,116943.68
14.386942,73.826082,116488.2
14.386445,73.827783,116032.42
14.385949,73.829484,115576.15
14.385453,73.831185,115119.57
14.384957,73.832887,114662.67
14.384461,73.834589,114205.31
14.383965,73.836291,113747.64
14.38347,73.837993,113289.56
14.382974,73.839695,112831.08
14.382479,73.841398,112372.28
14.381984,73.843101,111913.1
14.381488,73.844804,111453.52
14.380993,73.846508,110993.54
14.380499,73.848212,110533.27
14.380004,73.849916,110072.59
14.379509,73.85162,109611.51
14.379014,73.853324,109150.03
14.37852,73.855029,108688.25
14.378025,73.856734,108226.08
14.377531,73.858439,107763.5
14.377037,73.860145,107300.52
14.376543,73.861851,106837.24
14.376049,73.863557,106373.54
14.375555,73.865263,105909.49
14.375061,73.866969,105445.01
14.374568,73.868676,104980.21
14.374074,73.870383,104515.03
14.373581,73.87209,104049.45
14.373089,73.873797,103583.47
14.372595,73.875505,103117.19
14.372102,73.877213,102650.44
14.371609,73.878921,102183.44
14.371117,73.880629,101715.96
14.370624,73.882338,101248.18
14.370132,73.884047,100779.91
14.369639,73.885756,100311.33
14.369146,73.887465,99842.42
14.368655,73.889175,99373.07
14.368163,73.890885,98903.39
14.367671,73.892595,98433.32
14.367178,73.894305,97962.91
14.366687,73.896016,97492.06
14.366196,73.897727,97020.88
14.365704,73.899438,96549.3
14.365213,73.90115,96077.4
14.364721,73.902861,95605.12
14.36423,73.904573,95132.44
14.363739,73.906285,94659.36
14.363248,73.907998,94185.96
14.362757,73.90971,93712.21
14.362266,73.911423,93238.0
14.361776,73.913137,92763.45
14.361286,73.91485,92288.47
14.360795,73.916563,91813.17
14.360304,73.918277,91337.49
14.359815,73.919992,90861.44
14.359324,73.921706,90384.96
14.358835,73.923421,89908.16
14.358345,73.925135,89430.98
14.357856,73.926851,88953.4
14.357367,73.928566,88475.45
14.356877,73.930282,87997.14
14.356388,73.931998,87518.47
14.355899,73.933714,87039.39
14.35541,73.93543,86559.91
14.354921,73.937147,86080.13
14.354433,73.938864,85599.95
14.353944,73.940581,85119.38
14.353456,73.942298,84638.4
14.352968,73.944016,84157.02
14.35248,73.945734,83675.34
14.351993,73.947452,83193.34
14.351504,73.94917,82710.78
14.351016,73.950889,82228.0
14.350529,73.952608,81744.8
14.350041,73.954327,81261.23
14.349554,73.956047,80777.35
14.349067,73.957766,80292.97
14.34858,73.959486,79808.29
14.348093,73.961207,79323.21
14.347606,73.962927,78837.73
14.34712,73.964648,78351.95
14.346633,73.966368,77865.78
14.346146,73.96809,77379.2
14.34566,73.969811,76892.22
14.345174,73.971533,76404.94
14.344688,73.973255,75917.33
14.344202,73.974977,75429.26
14.343716,73.976699,74940.8
14.34323,73.978422,74452.02
14.342745,73.980145,73962.85
14.342259,73.981868,73473.34
14.341773,73.983591,72983.39
14.341288,73.985314,72493.11
14.340803,73.987038,72002.51
14.340319,73.988762,71511.5
14.339834,73.990487,71020.13
14.339349,73.992211,70528.37
14.338865,73.993936,70036.19
14.33838,73.995661,69543.72
14.337896,73.997386,69050.91
14.337412,73.999111,68557.63
14.336928,74.000837,68064.05
14.336444,74.002563,67570.1
14.335961,74.004289,67075.79
14.335477,74.006015,66581.12
14.334994,74.007741,66086.04
14.334511,74.009468,65590.66
14.334028,74.011195,65094.88
14.333546,74.012922,64598.78
14.333063,74.014649,64102.3
14.33258,74.016377,63605.52
14.332098,74.018104,63108.34
14.331616,74.019832,62610.76
14.331134,74.02156,62112.88
14.330652,74.023288,61614.6
14.330171,74.025016,61116.03
14.329689,74.026744,60617.12
14.32916,74.028646,60067.91
14.328678,74.030374,59568.2
14.328197,74.032103,59068.27
14.327717,74.033832,58567.95
14.327236,74.03556,58067.25
14.326755,74.03729,57566.33
14.326275,74.039019,57065.11
14.325795,74.040747,56563.49
14.325315,74.042476,56061.59
14.324835,74.044205,55559.37
14.324356,74.045934,55056.95
14.323876,74.047663,54554.13
14.323397,74.049392,54051.03
14.322919,74.051121,53547.71
14.32244,74.052849,53044.01
14.321961,74.054578,52540.08
14.321484,74.056306,52035.97
14.321005,74.058034,51531.55
14.320529,74.059762,51026.84
14.320052,74.06149,50521.93
14.319577,74.063217,50016.82
14.319101,74.064944,49511.52
14.318627,74.066671,49006.01
14.318152,74.068397,48500.48
14.317678,74.070123,47994.67
14.317204,74.071848,47488.77
14.316731,74.073572,46982.67
14.316258,74.075296,46476.55
14.315785,74.077019,45970.14
14.315314,74.078742,45463.74
14.314841,74.080464,44957.32
14.31437,74.082185,44450.85
14.313898,74.083905,43944.54
14.313421,74.085623,43438.55
14.312941,74.08734,42932.95
14.312459,74.089053,42427.76
14.311976,74.090764,41922.87
14.311494,74.092471,41418.28
14.311013,74.094174,40914.21
14.310536,74.095873,40410.72
14.310058,74.097571,39908.15
14.309586,74.099265,39405.66
14.309111,74.100956,38904.07
14.308648,74.102645,38403.13
14.308183,74.104331,37903.7
14.307731,74.106019,37405.19
14.307272,74.107702,36906.43
14.306808,74.109379,36409.04
14.306336,74.111046,35913.16
14.305205,74.115019,34729.24
</coordinates>