<coordinates>16.019257,69.294278,50.01
16.019254,69.294281,51.35
16.019251,69.294291,55.79
16.019245,69.294308,63.33
16.019237,69.294332,73.97
16.019225,69.294365,87.9
16.019211,69.294406,105.23
16.019193,69.294456,125.87
16.019171,69.294515,149.9
16.019147,69.294583,177.34
16.01912,69.294658,208.27
16.01909,69.294745,242.99
16.019055,69.294836,283.42
16.019017,69.294941,325.84
16.018975,69.295058,372.46
16.018928,69.295184,422.98
16.018878,69.295322,477.51
16.018825,69.295471,536.13
16.018768,69.295631,598.65
16.01871,69.2958,665.15
16.01865,69.29598,734.72
16.018588,69.296169,807.17
16.018523,69.296365,882.22
16.018457,69.296567,959.28
16.018388,69.296775,1037.67
16.01832,69.296984,1117.36
16.018252,69.297196,1196.85
16.018184,69.297408,1276.16
16.018115,69.297621,1355.36
16.018046,69.297834,1434.17
16.017978,69.298046,1512.95
16.017909,69.298258,1590.69
16.01784,69.298469,1667.61
16.017773,69.298679,1743.82
16.017704,69.298888,1819.24
16.017637,69.299097,1894.05
16.017569,69.299303,1968.47
16.017502,69.299509,2041.68
16.017435,69.299714,2114.1
16.017369,69.299918,2185.82
16.017303,69.300121,2256.83
16.017237,69.300324,2327.54
16.017171,69.300525,2397.16
16.017105,69.300725,2466.07
16.017041,69.300925,2534.19
16.016976,69.301124,2601.7
16.01691,69.301321,2668.88
16.016846,69.301518,2735.02
16.016782,69.301714,2800.44
16.016718,69.30191,2865.25
16.016654,69.302104,2929.46
16.016591,69.302298,2992.98
16.016527,69.302491,3056.38
16.016464,69.302684,3118.8
16.016401,69.302877,3180.71
16.016339,69.303069,3242.02
16.016276,69.30326,3302.73
16.016214,69.30345,3363.22
16.016152,69.30364,3422.86
16.01609,69.30383,3481.96
16.016028,69.30402,3540.47
16.015966,69.304209,3598.48
16.015905,69.304397,3655.9
16.015844,69.304585,3713.2
16.015783,69.304772,3769.61
16.015722,69.30496,3825.53
16.015661,69.305147,3880.94
16.0156,69.305333,3935.84
16.01554,69.30552,3990.44
16.015479,69.305705,4044.37
16.01542,69.305891,4097.77
16.01536,69.306076,4150.78
16.0153,69.306261,4203.19
16.01524,69.306445,4255.11
16.01518,69.306629,4306.81
16.015121,69.306813,4357.82
16.015061,69.306997,4408.33
16.015003,69.307181,4458.34
16.014943,69.307364,4507.95
16.014884,69.307547,4557.24
16.014826,69.307729,4605.87
16.014767,69.307911,4653.98
16.014709,69.308093,4701.78
16.01465,69.308274,4748.99
16.014592,69.308456,4795.71
16.014534,69.308637,4842.22
16.014476,69.308818,4888.12
16.014418,69.308998,4933.53
16.01436,69.309179,4978.44
16.014303,69.309359,5022.95
16.014245,69.309539,5067.24
16.014188,69.309718,5110.77
16.01413,69.309897,5153.98
16.014073,69.310077,5196.69
16.014015,69.310255,5238.99
16.013958,69.310434,5280.8
16.013901,69.310613,5322.31
16.013844,69.310791,5363.32
16.013787,69.310969,5403.83
16.013729,69.311146,5443.84
16.013673,69.311324,5483.54
16.013615,69.311501,5522.85
16.013559,69.311679,5561.57
16.013501,69.311856,5599.97
16.013445,69.312033,5637.87
16.013388,69.312209,5675.29
16.013332,69.312386,5712.48
16.013275,69.312562,5749.1
16.013218,69.312738,5785.31
16.013161,69.312914,5821.02
16.013105,69.31309,5856.33
16.013049,69.313265,5891.24
16.012992,69.313441,5925.84
16.012935,69.313616,5959.86
16.012879,69.313791,5993.56
16.012822,69.313966,6026.77
16.012766,69.314141,6059.58
16.012709,69.314315,6091.98
16.012653,69.31449,6123.9
16.012597,69.314664,6155.51
16.012541,69.314838,6186.61
16.012484,69.315014,6217.51
16.012424,69.315198,6249.78
16.01236,69.315393,6283.84
16.012291,69.315598,6319.22
16.012219,69.315814,6356.09
16.012142,69.316041,6394.56
16.012061,69.316277,6434.53
16.011975,69.316525,6476.09
16.011884,69.316784,6519.07
16.01179,69.317053,6563.55
16.01169,69.317334,6609.61
16.011587,69.317624,6657.18
16.011478,69.317927,6706.26
16.011366,69.318241,6757.12
16.011248,69.318567,6809.3
16.011125,69.318904,6863.17
16.010997,69.319252,6918.54
16.010865,69.319613,6975.51
16.010726,69.319986,7034.37
16.010582,69.320371,7094.74
16.010433,69.320769,7156.71
16.010278,69.32118,7220.38
16.010117,69.321604,7285.85
16.009951,69.322042,7353.02
16.009779,69.322493,7422.19
16.009601,69.322959,7492.96
16.009418,69.323439,7565.62
16.009228,69.323935,7640.08
16.009032,69.324444,7716.55
16.00883,69.32497,7795.09
16.008621,69.325511,7875.37
16.008407,69.326066,7957.54
16.008186,69.326638,8041.7
16.007959,69.327226,8127.77
16.007726,69.327829,8216.02
16.007488,69.328447,8305.99
16.007242,69.329082,8397.86
16.006991,69.329732,8491.53
16.006733,69.330397,8587.19
16.006469,69.331079,8685.04
16.006199,69.331777,8784.52
16.005922,69.332491,8885.89
16.005639,69.333221,8989.34
16.00535,69.333967,9094.61
16.005056,69.33473,9201.98
16.004755,69.335508,9311.44
16.004446,69.336304,9422.8
16.004132,69.337118,9536.07
16.00381,69.337946,9651.33
16.003482,69.338793,9768.69
16.003148,69.339658,9888.34
16.002807,69.340539,10009.81
16.00246,69.341438,10133.29
16.002106,69.342356,10258.94
16.001745,69.343291,10386.71
16.001377,69.344245,10516.57
16.001001,69.345217,10648.93
16.000619,69.346207,10783.18
16.000229,69.347218,10919.55
15.999832,69.348247,11058.11
15.999427,69.349295,11198.97
15.999013,69.350363,11342.3
15.998591,69.351451,11487.68
15.99816,69.352558,11635.24
15.997722,69.353686,11785.2
15.997274,69.354834,11937.46
15.996819,69.356002,12092.11
15.996354,69.357191,12249.37
15.995882,69.3584,12408.83
15.995402,69.359631,12570.68
15.994913,69.360883,12735.03
15.994415,69.362156,12901.8
15.99391,69.363451,13071.33
15.993397,69.364768,13243.2
15.992874,69.366108,13417.56
15.992343,69.36747,13594.42
15.991804,69.368855,13773.87
15.991254,69.370263,13956.02
15.990693,69.371694,14140.97
15.990124,69.37315,14328.23
15.989543,69.374629,14518.28
15.988952,69.376131,14711.03
15.988352,69.377659,14906.48
15.987743,69.37921,15104.92
15.987125,69.380786,15305.98
15.986499,69.382387,15509.84
15.985862,69.384014,15716.48
15.985215,69.385666,15926.03
15.984558,69.387344,16138.38
15.983889,69.389049,16353.83
15.983209,69.390779,16572.07
15.982518,69.392536,16793.22
15.981815,69.394319,17017.38
15.981101,69.396129,17244.62
15.980377,69.397965,17475.05
15.979642,69.39983,17708.41
15.978897,69.401722,17944.76
15.978141,69.403643,18184.21
15.977373,69.405591,18426.94
15.976593,69.407569,18672.78
15.975803,69.409575,18921.73
15.974998,69.411612,19173.88
15.97418,69.413678,19429.22
15.97335,69.415774,19687.96
15.972506,69.417899,19950.1
15.971648,69.420055,20215.84
15.970778,69.422242,20484.88
15.969896,69.42446,20757.52
15.969003,69.426712,21033.66
15.968097,69.428996,21313.39
15.967178,69.431313,21596.82
15.966242,69.433665,21883.87
15.965291,69.43605,22174.51
15.964324,69.43847,22469.04
15.963341,69.440922,22767.27
15.962345,69.443409,23069.4
15.961339,69.445928,23375.24
15.960322,69.448482,23684.58
15.959289,69.451068,23997.23
15.958237,69.453687,24313.27
15.957167,69.456336,24632.81
15.956087,69.459013,24955.65
15.955,69.461717,25281.8
15.953909,69.464451,25610.85
15.952808,69.467213,25942.41
15.951689,69.470003,26276.37
15.950549,69.472816,26613.12
15.949393,69.47565,26952.29
15.948233,69.478501,27293.75
15.947076,69.481367,27636.54
15.94592,69.484246,27980.13
15.94476,69.487131,28323.83
15.943591,69.490019,28667.44
15.942418,69.492905,29010.94
15.941246,69.49579,29354.05
15.940079,69.498674,29696.76
15.938916,69.501558,30038.88
15.937753,69.504441,30380.4
15.936588,69.507324,30721.41
15.935419,69.510204,31062.02
15.934249,69.513083,31402.23
15.93308,69.515959,31741.94
15.931914,69.518835,32081.25
15.930752,69.521711,32420.07
15.929591,69.524585,32758.38
15.928429,69.52746,33096.09
15.927264,69.530333,33433.4
15.926098,69.533205,33770.31
15.92493,69.536076,34106.73
15.923762,69.538945,34442.94
15.922595,69.541813,34778.65
15.92143,69.544681,35113.96
15.920267,69.547548,35448.77
15.919105,69.550414,35783.18
15.917943,69.553281,36117.2
15.91678,69.556147,36450.71
15.915617,69.559012,36783.81
15.914453,69.561877,37116.43
15.913287,69.564741,37448.74
15.912121,69.567604,37780.65
15.910955,69.570466,38112.16
15.90979,69.573328,38443.27
15.908625,69.576189,38774.08
15.907461,69.579049,39104.48
15.906299,69.581908,39434.5
15.905136,69.584767,39764.11
15.903974,69.587626,40093.32
15.902813,69.590485,40422.03
15.901651,69.593343,40750.44
15.900489,69.596201,41078.35
15.899327,69.599058,41405.86
15.898164,69.601915,41732.97
15.897001,69.604772,42059.69
15.895836,69.607629,42386.0
15.894672,69.610484,42712.0
15.893508,69.61334,43037.52
15.892343,69.616194,43362.73
15.891179,69.619049,43687.63
15.890014,69.621902,44012.04
15.888849,69.624756,44336.16
15.887685,69.627608,44659.87
15.886522,69.630461,44983.28
15.885359,69.633313,45306.19
15.884196,69.636164,45628.89
15.883033,69.639016,45951.01
15.88187,69.641867,46272.92
15.880708,69.644718,46594.33
15.879545,69.647568,46915.43
15.878383,69.650418,47236.05
15.87722,69.653267,47556.36
15.876058,69.656117,47876.27
15.874896,69.658966,48195.78
15.873732,69.661815,48514.89
15.872569,69.664663,48833.7
15.871406,69.667511,49152.01
15.870242,69.670359,49470.02
15.869079,69.673207,49787.63
15.867916,69.676054,50104.84
15.866751,69.678901,50421.65
15.865587,69.681748,50738.07
15.864424,69.684594,51054.17
15.863259,69.68744,51369.79
15.862094,69.690286,51685.19
15.86093,69.693131,52000.1
15.859766,69.695976,52314.71
15.858601,69.69882,52628.92
15.857436,69.701665,52942.73
15.856271,69.704508,53256.24
15.855107,69.707352,53569.25
15.853943,69.710195,53882.06
15.852778,69.713038,54194.37
15.851614,69.71588,54506.38
15.850449,69.718723,54817.99
15.849285,69.721565,55129.3
15.84812,69.724406,55440.21
15.846957,69.727247,55750.63
15.845792,69.730088,56060.83
15.844628,69.732929,56370.63
15.843463,69.735769,56679.95
15.842299,69.738609,56989.06
15.841135,69.741448,57297.67
15.83997,69.744287,57605.98
15.838805,69.747126,57913.88
15.837641,69.749965,58221.4
15.836477,69.752803,58528.61
15.835312,69.755642,58835.32
15.834148,69.758479,59141.73
15.832984,69.761317,59447.74
15.831819,69.764154,59753.55
15.830654,69.766991,60058.86
15.82949,69.769828,60363.77
15.828325,69.772664,60668.28
15.82716,69.7755,60972.49
15.825996,69.778336,61276.3
15.824832,69.781172,61579.61
15.823667,69.784008,61882.71
15.822502,69.786843,62185.33
15.821337,69.789678,62487.54
15.820172,69.792514,62789.45
15.819007,69.795348,63091.05
15.817842,69.798182,63392.17
15.816677,69.801016,63692.97
15.815511,69.80385,63993.39
15.814346,69.806683,64293.4
15.81318,69.809516,64593.1
15.812015,69.812349,64892.32
15.810849,69.815181,65191.33
15.809683,69.818013,65489.93
15.808518,69.820845,65788.14
15.807352,69.823677,66085.86
15.806186,69.826509,66383.36
15.80502,69.82934,66680.38
15.803854,69.832171,66977.08
15.802687,69.835001,67273.3
15.801521,69.837832,67569.21
15.800355,69.840662,67864.82
15.799189,69.843492,68160.03
15.798022,69.846322,68454.84
15.796856,69.849151,68749.35
15.795689,69.85198,69043.45
15.794522,69.854809,69337.17
15.793355,69.857638,69630.57
15.792188,69.860466,69923.58
15.791021,69.863294,70216.19
15.789854,69.866122,70508.49
15.788687,69.86895,70800.4
15.787519,69.871777,71091.82
15.786352,69.874604,71382.93
15.785185,69.877431,71673.74
15.784018,69.880257,71964.15
15.78285,69.883084,72254.35
15.781681,69.885911,72544.16
15.780513,69.888738,72833.67
15.779344,69.891564,73122.78
15.778176,69.894391,73411.49
15.777007,69.897217,73699.9
15.775838,69.900042,73987.91
15.774669,69.902868,74275.52
15.773501,69.905693,74562.73
15.772332,69.908518,74849.64
15.771163,69.911343,75136.14
15.769994,69.914167,75422.26
15.768825,69.916991,75708.07
15.767656,69.919815,75993.48
15.766486,69.922638,76278.49
15.765317,69.925462,76563.19
15.764148,69.928285,76847.51
15.762979,69.931107,77131.42
15.761809,69.93393,77415.02
15.76064,69.936752,77698.23
15.75947,69.939575,77981.04
15.758301,69.942396,78263.46
15.757131,69.945218,78545.56
15.755961,69.948039,78827.37
15.754792,69.95086,79108.68
15.753621,69.95368,79389.59
15.752448,69.9565,79670.0
15.751277,69.95932,79950.11
15.750105,69.96214,80230.02
15.748934,69.964959,80509.32
15.747763,69.967778,80788.34
15.746591,69.970596,81066.95
15.745419,69.973415,81345.25
15.744244,69.976232,81622.66
15.743073,69.979049,81900.17
15.741904,69.981867,82177.47
15.740732,69.984685,82454.29
15.739559,69.987501,82730.5
15.738388,69.990318,83006.51
15.737217,69.993134,83282.22
15.736045,69.99595,83557.42
15.734875,69.998766,83832.33
15.733703,70.001582,84106.84
15.732533,70.004397,84381.05
15.731362,70.007212,84654.76
15.730191,70.010027,84928.17
15.72902,70.012842,85201.18
15.727849,70.015656,85473.89
15.726678,70.01847,85746.1
15.725508,70.021284,86018.01
15.724337,70.024097,86289.52
15.723166,70.02691,86560.73
15.721995,70.029723,86831.53
15.720825,70.032535,87101.94
15.719654,70.035347,87371.96
15.718485,70.03816,87641.77
15.717313,70.040971,87911.17
15.716143,70.043782,88179.98
15.714972,70.046593,88448.59
15.713801,70.049404,88716.8
15.71263,70.052214,88984.61
15.711459,70.055024,89252.12
15.710288,70.057834,89519.32
15.709116,70.060644,89786.03
15.707946,70.063453,90052.44
15.706774,70.066262,90318.45
15.705603,70.069071,90584.06
15.704431,70.07188,90849.37
15.703259,70.074688,91114.18
15.702088,70.077496,91378.79
15.700916,70.080304,91642.9
15.699742,70.083111,91906.6
15.69857,70.085918,92169.91
15.697398,70.088725,92433.02
15.696226,70.091532,92695.73
15.695054,70.094339,92958.13
15.693882,70.097146,93220.04
15.692709,70.099952,93481.65
15.691537,70.102758,93742.86
15.690363,70.105563,94003.77
15.689191,70.108369,94264.28
15.688018,70.111174,94524.39
15.686846,70.113979,94784.2
15.685672,70.116783,95043.61
15.684499,70.119587,95302.62
15.683326,70.122392,95561.32
15.682153,70.125196,95819.63
15.68098,70.127999,96077.55
15.679807,70.130803,96335.15
15.678633,70.133606,96592.36
15.67746,70.136409,96849.17
15.676286,70.139212,97105.67
15.675112,70.142015,97361.79
15.673939,70.144817,97617.49
15.672766,70.147619,97872.9
15.671592,70.150421,98127.91
15.670418,70.153223,98382.52
15.669245,70.156024,98636.82
15.66807,70.158825,98890.64
15.666897,70.161626,99144.34
15.665722,70.164427,99397.46
15.664548,70.167228,99650.26
15.663374,70.170029,99902.77
15.6622,70.172829,100154.78
15.661026,70.175629,100406.59
15.659851,70.178429,100657.89
15.658677,70.181229,100908.8
15.657502,70.184028,101159.51
15.656327,70.186827,101409.82
15.655153,70.189626,101659.63
15.653978,70.192425,101909.23
15.652804,70.195223,102158.35
15.651629,70.198021,102407.15
15.650454,70.200819,102655.56
15.649279,70.203617,102903.67
15.648104,70.206415,103151.38
15.646928,70.209212,103398.69
15.645753,70.212009,103645.69
15.644578,70.214806,103892.2
15.643402,70.217603,104138.51
15.642227,70.2204,104384.32
15.641052,70.223196,104629.83
15.639876,70.225992,104875.03
15.638701,70.228788,105119.75
15.637525,70.231583,105364.15
15.636349,70.234379,105608.16
15.635174,70.237174,105851.87
15.633998,70.239969,106095.18
15.632822,70.242764,106338.09
15.631645,70.245559,106580.79
15.630469,70.248353,106823.0
15.629293,70.251148,107064.81
15.628117,70.253942,107306.22
15.626941,70.256736,107547.42
15.625764,70.25953,107788.14
15.624588,70.262323,108028.54
15.623412,70.265116,108268.55
15.622235,70.267909,108508.26
15.621058,70.270702,108747.57
15.619882,70.273495,108986.47
15.618705,70.276287,109224.98
15.617528,70.279079,109463.19
15.616351,70.281871,109701.09
15.615174,70.284663,109938.51
15.613997,70.287454,110175.62
15.61282,70.290246,110412.42
15.611643,70.293037,110648.83
15.610465,70.295828,110884.84
15.609288,70.298619,111120.44
15.608111,70.301409,111355.75
15.606933,70.304199,111590.66
15.605756,70.30699,111825.17
15.604578,70.30978,112059.38
15.603401,70.312569,112293.28
15.602223,70.315359,112526.7
15.601046,70.318148,112759.8
15.599867,70.320937,112992.51
15.598689,70.323726,113224.92
15.597511,70.326515,113456.83
15.596333,70.329304,113688.53
15.595155,70.332092,113919.75
15.593977,70.334881,114150.75
15.592798,70.337669,114381.26
15.59162,70.340457,114611.46
15.590442,70.343244,114841.27
15.589264,70.346032,115070.68
15.588085,70.348819,115299.79
15.586906,70.351606,115528.5
15.585727,70.354393,115756.9
15.584549,70.357179,115984.91
15.58337,70.359966,116212.52
15.582192,70.362752,116439.82
15.581012,70.365538,116666.73
15.579833,70.368324,116893.24
15.578654,70.371109,117119.36
15.577475,70.373895,117345.26
15.576296,70.37668,117570.76
15.575117,70.379465,117795.77
15.573937,70.38225,118020.58
15.572758,70.385035,118244.89
15.571579,70.387819,118468.89
15.570399,70.390604,118692.51
15.569219,70.393388,118915.81
15.56804,70.396172,119138.72
15.56686,70.398955,119361.32
15.56568,70.401739,119583.53
15.5645,70.404522,119805.34
15.56332,70.407305,120026.75
15.56214,70.410088,120247.86
15.56096,70.412871,120468.66
15.55978,70.415654,120688.97
15.5586,70.418437,120908.98
15.557419,70.421219,121128.59
15.556239,70.424002,121347.89
15.555059,70.426783,121566.9
15.553878,70.429565,121785.41
15.552697,70.432347,122003.61
15.551517,70.435128,122221.42
15.550336,70.437909,122438.83
15.549155,70.44069,122655.94
15.547974,70.443471,122872.65
15.546793,70.446252,123089.05
15.545613,70.449032,123305.06
15.544431,70.451812,123520.67
15.54325,70.454592,123735.97
15.542068,70.457372,123950.88
15.540887,70.460152,124165.39
15.539706,70.462931,124379.69
15.538524,70.465711,124593.51
15.537343,70.46849,124807.01
15.536161,70.471269,125020.12
15.534979,70.474048,125232.82
15.533797,70.476826,125445.23
15.532615,70.479605,125657.24
15.531433,70.482383,125868.95
15.530251,70.485161,126080.16
15.529069,70.487938,126291.16
15.527887,70.490716,126501.77
15.526704,70.493494,126711.88
15.525521,70.496271,126921.69
15.52434,70.499049,127131.19
15.523157,70.501826,127340.3
15.521975,70.504603,127549.11
15.520792,70.50738,127757.51
15.519609,70.510156,127965.53
15.518426,70.512933,128173.23
15.517244,70.515709,128380.54
15.516061,70.518485,128587.44
15.514878,70.52126,128794.05
15.513696,70.524036,129000.26
15.512512,70.526812,129206.07
15.511329,70.529587,129411.57
15.510145,70.532362,129616.68
15.508962,70.535137,129821.48
15.507779,70.537912,130025.8
15.506595,70.540686,130229.9
15.505412,70.543461,130433.51
15.504229,70.546235,130636.82
15.503045,70.549009,130839.82
15.501861,70.551783,131042.42
15.500677,70.554557,131244.64
15.499494,70.55733,131446.45
15.498309,70.560103,131647.95
15.497126,70.562877,131849.06
15.495941,70.565649,132049.87
15.494757,70.568422,132250.27
15.493573,70.571195,132450.28
15.492389,70.573968,132649.98
15.491204,70.57674,132849.29
15.49002,70.579512,133048.31
15.488835,70.582284,133246.9
15.487651,70.585056,133444.91
15.486467,70.587828,133642.92
15.48528,70.590599,133840.33
15.484096,70.593371,134037.53
15.482911,70.596143,134234.54
15.481727,70.598914,134430.95
15.480541,70.601685,134627.05
15.479356,70.604456,134822.76
15.478171,70.607226,135018.07
15.476986,70.609997,135213.08
15.4758,70.612767,135407.68
15.474615,70.615537,135601.99
15.47343,70.618307,135795.9
15.472244,70.621077,135989.41
15.471059,70.623846,136182.61
15.469873,70.626616,136375.42
15.468687,70.629385,136567.83
15.467501,70.632154,136759.94
15.466315,70.634923,136951.74
15.465129,70.637691,137143.14
15.463942,70.64046,137334.15
15.462757,70.643229,137524.75
15.46157,70.645997,137715.06
15.460384,70.648765,137904.97
15.459198,70.651533,138094.48
15.45801,70.654301,138283.68
15.456824,70.657069,138472.5
15.455637,70.659837,138661.0
15.45445,70.662604,138849.1
15.453264,70.665371,139036.91
15.452077,70.668138,139224.22
15.450889,70.670904,139411.22
15.449702,70.673671,139597.83
15.448514,70.676438,139784.14
15.447328,70.679205,139970.25
15.446141,70.681971,140155.86
15.444953,70.684737,140341.16
15.443766,70.687504,140525.97
15.442579,70.69027,140710.57
15.44139,70.693035,140894.68
15.440202,70.6958,141078.29
15.439014,70.698566,141261.79
15.437826,70.701331,141444.7
15.436638,70.704096,141627.41
15.43545,70.706861,141809.81
15.434262,70.709626,141991.72
15.433074,70.71239,142173.33
15.431887,70.715154,142354.73
15.430698,70.717919,142535.54
15.429509,70.720683,142716.24
15.428319,70.723448,142896.35
15.427131,70.726211,143076.25
15.425942,70.728975,143255.67
15.424754,70.731739,143434.87
15.423565,70.734502,143613.58
15.422377,70.737265,143791.79
15.421189,70.740028,143969.89
15.42,70.742791,144147.5
15.418811,70.745554,144324.8
15.417622,70.748317,144501.72
15.416433,70.751079,144678.31
15.415243,70.753841,144854.43
15.414054,70.756604,145030.33
15.412863,70.759365,145205.63
15.411674,70.762127,145380.75
15.410485,70.764889,145555.55
15.409295,70.76765,145729.95
15.408105,70.770412,145904.06
15.406915,70.773174,146077.77
15.405725,70.775935,146250.97
15.404535,70.778696,146423.88
15.403344,70.781457,146596.49
15.402154,70.784218,146768.7
15.400964,70.786979,146940.6
15.399773,70.789739,147112.11
15.398583,70.792499,147283.32
15.397393,70.795259,147454.12
15.396203,70.798019,147624.62
15.395012,70.800779,147794.63
15.393821,70.803539,147964.34
15.39263,70.806299,148133.65
15.391439,70.809058,148302.65
15.390248,70.811818,148471.35
15.389057,70.814577,148639.66
15.387866,70.817336,148807.47
15.386675,70.820095,148975.07
15.385483,70.822854,149142.28
15.384292,70.825613,149309.09
15.383101,70.828371,149475.59
15.38191,70.83113,149641.81
15.380718,70.833888,149807.61
15.379527,70.836646,149973.01
15.378334,70.839404,150138.02
15.377143,70.842162,150302.73
15.375951,70.844919,150467.03
15.374758,70.847677,150630.84
15.373566,70.850434,150794.44
15.372374,70.853191,150957.65
15.371182,70.855948,151120.56
15.369989,70.858705,151283.06
15.368797,70.861462,151445.27
15.367604,70.864218,151606.98
15.366412,70.866976,151768.48
15.36522,70.869732,151929.49
15.364027,70.872489,152090.29
15.362834,70.875245,152250.6
15.361641,70.878001,152410.6
15.360448,70.880757,152570.21
15.359255,70.883513,152729.52
15.358062,70.886269,152888.42
15.356869,70.889024,153046.93
15.355675,70.891779,153205.14
15.354481,70.894535,153362.94
15.353288,70.89729,153520.45
15.352094,70.900045,153677.55
15.350901,70.9028,153834.26
15.349707,70.905555,153990.67
15.348514,70.90831,154146.87
15.34732,70.911064,154302.48
15.346127,70.913818,154457.78
15.344933,70.916572,154612.79
15.343738,70.919326,154767.3
15.342542,70.92208,154921.6
15.341348,70.924834,155075.51
15.340154,70.927588,155229.02
15.338959,70.930342,155382.22
15.337764,70.933095,155535.03
15.33657,70.935848,155687.43
15.335375,70.938602,155839.54
15.33418,70.941354,155991.24
15.332985,70.944107,156142.55
15.33179,70.94686,156293.56
15.330596,70.949613,156444.17
15.3294,70.952365,156594.47
15.328205,70.955118,156744.38
15.32701,70.95787,156893.88
15.325815,70.960623,157043.08
15.324619,70.963375,157191.89
15.323424,70.966127,157340.4
15.322228,70.968879,157488.5
15.321033,70.971631,157636.31
15.319836,70.974382,157783.72
15.31864,70.977134,157930.72
15.317444,70.979885,158077.43
15.316248,70.982636,158223.73
15.315051,70.985388,158369.74
15.313856,70.988139,158515.35
15.312659,70.990889,158660.65
15.311463,70.99364,158805.56
15.310266,70.996391,158950.06
15.30907,70.999141,159094.17
15.307873,71.001892,159237.97
15.306676,71.004642,159381.48
15.305479,71.007393,159524.58
15.304282,71.010143,159667.29
15.303085,71.012893,159809.7
15.301888,71.015642,159951.7
15.300691,71.018392,160093.41
15.299494,71.021141,160234.61
15.298296,71.023891,160375.61
15.297098,71.02664,160516.12
15.295901,71.02939,160656.43
15.294703,71.032139,160796.24
15.293505,71.034888,160935.74
15.292308,71.037637,161074.85
15.29111,71.040385,161213.66
15.289913,71.043134,161352.16
15.288714,71.045882,161490.17
15.287516,71.048631,161627.87
15.286318,71.051379,161765.28
15.28512,71.054127,161902.28
15.283922,71.056876,162038.89
15.282723,71.059625,162175.19
15.281524,71.062372,162311.2
15.280325,71.06512,162446.7
15.279127,71.067868,162581.91
15.277928,71.070615,162716.72
15.276729,71.073363,162851.32
15.27553,71.07611,162985.33
15.274331,71.078857,163119.03
15.273132,71.081604,163252.44
15.271933,71.084352,163385.64
15.270734,71.087099,163518.35
15.269534,71.089845,163650.55
15.268334,71.092592,163782.46
15.267135,71.095338,163914.16
15.265935,71.098084,164045.37
15.264736,71.100831,164176.28
15.263535,71.103577,164306.78
15.262336,71.106323,164436.99
15.261136,71.109069,164566.79
15.259936,71.111815,164696.29
15.258735,71.114561,164825.31
15.257535,71.117307,164954.11
15.256335,71.120052,165082.51
15.255134,71.122798,165210.52
15.253933,71.125543,165338.22
15.252732,71.128288,165465.53
15.251532,71.131034,165592.54
15.250331,71.133779,165719.04
15.24913,71.136524,165845.34
15.24793,71.139269,165971.25
15.246728,71.142013,166096.75
15.245527,71.144758,166221.87
15.244326,71.147502,166346.67
15.243125,71.150248,166471.08
15.241923,71.152992,166595.18
15.240721,71.155736,166718.88
15.23952,71.158481,166842.19
15.238318,71.161225,166965.2
15.237116,71.163969,167087.9
15.235914,71.166712,167210.2
15.234712,71.169456,167332.11
15.23351,71.1722,167453.71
15.232308,71.174943,167574.92
15.231105,71.177687,167695.73
15.229903,71.18043,167816.23
15.2287,71.183173,167936.34
15.227498,71.185916,168056.14
15.226295,71.188659,168175.55
15.225093,71.191402,168294.65
15.223889,71.194145,168413.36
15.222686,71.196888,168531.66
15.221484,71.199631,168649.67
15.220281,71.202373,168767.27
15.219078,71.205116,168884.58
15.217874,71.207858,169001.58
15.216671,71.2106,169117.99
15.215467,71.213342,169234.2
15.214264,71.216084,169350.1
15.21306,71.218826,169465.51
15.211856,71.221568,169580.71
15.210652,71.22431,169695.41
15.209447,71.227052,169809.82
15.208244,71.229793,169923.93
15.20704,71.232535,170037.54
15.205835,71.235276,170150.94
15.204631,71.238017,170263.85
15.203427,71.240759,170376.54
15.202223,71.2435,170488.75
15.201018,71.246242,170600.66
15.199813,71.248982,170712.16
15.198609,71.251723,170823.37
15.197403,71.254464,170934.18
15.196199,71.257205,171044.68
15.194994,71.259946,171154.78
15.193789,71.262686,171264.59
15.192583,71.265426,171373.99
15.191378,71.268167,171483.0
15.190173,71.270907,171591.6
15.188967,71.273647,171699.91
15.187761,71.276387,171807.91
15.186555,71.279127,171915.62
15.18535,71.281867,172022.82
15.184144,71.284607,172129.73
15.182938,71.287346,172236.23
15.181732,71.290086,172342.34
15.180526,71.292825,172448.24
15.17932,71.295565,172553.65
15.178114,71.298304,172658.75
15.176908,71.301043,172763.46
15.175701,71.303783,172867.86
15.174494,71.306522,172971.87
15.173288,71.30926,173075.57
15.172081,71.311999,173178.88
15.170874,71.314738,173281.78
15.169668,71.317477,173384.39
15.16846,71.320216,173486.59
15.167253,71.322954,173588.5
15.166046,71.325693,173690.0
15.164838,71.328431,173791.11
15.163631,71.331169,173892.01
15.162424,71.333908,173992.51
15.161216,71.336646,174092.42
15.160009,71.339384,174192.23
15.1588,71.342122,174291.53
15.157593,71.344861,174390.54
15.156385,71.347598,174489.14
15.155177,71.350336,174587.54
15.153969,71.353074,174685.35
15.152761,71.355811,174782.96
15.151553,71.358549,174880.16
15.150344,71.361286,174976.97
15.149136,71.364024,175073.47
15.147927,71.366761,175169.67
15.146719,71.369498,175265.48
15.14551,71.372235,175360.88
15.144301,71.374972,175455.99
15.143092,71.377709,175550.69
15.141883,71.380446,175645.0
15.140674,71.383183,175739.1
15.139463,71.38592,175832.91
15.138254,71.388657,175926.22
15.137045,71.391394,176019.22
15.135835,71.39413,176111.82
15.134625,71.396867,176204.03
15.133414,71.399603,176296.03
15.132204,71.402339,176387.53
15.130994,71.405076,176478.64
15.129783,71.407812,176569.45
15.128573,71.410548,176659.95
15.127363,71.413284,176750.05
15.126152,71.41602,176839.76
15.124942,71.418756,176929.06
15.123732,71.421491,177018.07
15.122521,71.424227,177106.67
15.121311,71.426962,177194.97
15.1201,71.429698,177282.78
15.118889,71.432433,177370.39
15.117679,71.435169,177457.59
15.116467,71.437904,177544.39
15.115256,71.440639,177630.9
15.114046,71.443375,177717.01
15.112835,71.44611,177802.61
15.111624,71.448845,177888.11
15.110412,71.45158,177973.12
15.1092,71.454315,178057.82
15.107989,71.457049,178142.23
15.106776,71.459784,178226.23
15.105564,71.462519,178309.94
15.104352,71.465254,178393.24
15.10314,71.467988,178476.24
15.101928,71.470723,178558.75
15.100713,71.473458,178641.16
15.099501,71.476192,178723.06
15.098288,71.478926,178804.57
15.097075,71.481661,178885.77
15.095862,71.484395,178966.57
15.09465,71.487129,179046.98
15.093437,71.489863,179126.98
15.092224,71.492597,179206.79
15.091011,71.495331,179286.19
15.089797,71.498065,179365.19
15.088584,71.500799,179443.8
15.087371,71.503532,179522.01
15.086157,71.506266,179600.01
15.084943,71.508999,179677.51
15.083729,71.511733,179754.72
15.082516,71.514466,179831.62
15.081301,71.5172,179908.12
15.080088,71.519933,179984.33
15.078874,71.522666,180060.03
15.077659,71.5254,180135.54
15.076445,71.528133,180210.64
15.07523,71.530866,180285.34
15.074016,71.533599,180359.65
15.072801,71.536332,180433.75
15.071586,71.539066,180507.46
15.070371,71.541799,180580.76
15.069157,71.544531,180653.57
15.067942,71.547264,180726.17
15.066726,71.549997,180798.38
15.06551,71.55273,180870.28
15.064295,71.555462,180941.79
15.063079,71.558195,181012.99
15.061864,71.560928,181083.8
15.060648,71.56366,181154.3
15.059432,71.566392,181224.4
15.058217,71.569125,181294.11
15.057001,71.571857,181363.51
15.055784,71.574589,181432.52
15.054568,71.577321,181501.22
15.053352,71.580054,181569.53
15.052136,71.582786,181637.63
15.050919,71.585518,181705.13
15.049702,71.58825,181772.44
15.048486,71.590982,181839.24
15.047269,71.593713,181905.84
15.046052,71.596445,181971.95
15.044835,71.599177,182037.75
15.043618,71.601909,182103.26
15.042401,71.60464,182168.36
15.041183,71.607372,182233.16
15.039965,71.610104,182297.47
15.038748,71.612835,182361.57
15.03753,71.615567,182425.18
15.036312,71.618298,182488.58
15.035095,71.621029,182551.49
15.033876,71.623761,182614.09
15.032659,71.626492,182676.3
15.03144,71.629223,182738.2
15.030222,71.631954,182799.7
15.029003,71.634685,182860.91
15.027785,71.637417,182921.71
15.026566,71.640148,182982.21
15.025347,71.642879,183042.32
15.024129,71.64561,183102.02
15.02291,71.648341,183161.43
15.021691,71.651072,183220.53
15.020471,71.653803,183279.23
15.019252,71.656534,183337.54
15.018033,71.659264,183395.45
15.016813,71.661995,183453.15
15.015594,71.664725,183510.35
15.014374,71.667456,183567.26
15.013155,71.670187,183623.86
15.011934,71.672917,183680.06
15.010715,71.675647,183735.87
15.009494,71.678378,183791.27
15.008275,71.681108,183846.48
15.007054,71.683838,183901.18
15.005834,71.686568,183955.59
15.004614,71.689299,184009.69
15.003394,71.692029,184063.39
15.002173,71.694759,184116.69
15.000952,71.697489,184169.7
14.999731,71.700219,184222.4
14.99851,71.702949,184274.61
14.99729,71.705679,184326.51
14.996068,71.708409,184378.02
14.994847,71.711138,184429.22
14.993626,71.713868,184480.02
14.992404,71.716598,184530.52
14.991182,71.719327,184580.63
14.989961,71.722057,184630.33
14.988739,71.724787,184679.83
14.987517,71.727517,184728.94
14.986296,71.730246,184777.55
14.985074,71.732975,184825.95
14.983851,71.735705,184873.95
14.982628,71.738434,184921.55
14.981407,71.741165,184968.86
14.980184,71.743894,185015.76
14.978962,71.746624,185062.37
14.977738,71.749353,185108.57
14.976516,71.752082,185154.38
14.975293,71.754812,185199.88
14.97407,71.757541,185245.08
14.972847,71.76027,185289.79
14.971623,71.762999,185334.19
14.9704,71.765728,185378.29
14.969176,71.768457,185422.0
14.967952,71.771186,185465.3
14.966728,71.773915,185508.31
14.965505,71.776644,185551.01
14.964281,71.779373,185593.31
14.963057,71.782102,185635.22
14.961833,71.784831,185676.82
14.960609,71.78756,185718.12
14.959384,71.790289,185758.93
14.958159,71.793017,185799.53
14.956934,71.795746,185839.63
14.95571,71.798475,185879.44
14.954484,71.801204,185918.94
14.95326,71.803932,185958.04
14.952035,71.806661,185996.75
14.950809,71.80939,186035.05
14.949585,71.812118,186073.05
14.948359,71.814847,186110.76
14.947134,71.817575,186148.06
14.945909,71.820304,186184.97
14.944683,71.823032,186221.57
14.943457,71.82576,186257.77
14.942231,71.828489,186293.58
14.941005,71.831217,186329.08
14.939779,71.833945,186364.28
14.938553,71.836674,186398.99
14.937327,71.839402,186433.39
14.9361,71.84213,186467.49
14.934875,71.844859,186501.29
14.933648,71.847588,186534.7
14.932421,71.850316,186567.61
14.931194,71.853044,186600.21
14.929968,71.855772,186632.51
14.92874,71.8585,186664.42
14.927513,71.861228,186696.02
14.926286,71.863956,186727.32
14.925059,71.866684,186758.13
14.923831,71.869412,186788.73
14.922603,71.87214,186818.83
14.921376,71.874868,186848.73
14.920148,71.877596,186878.14
14.91892,71.880324,186907.34
14.917692,71.883052,186935.95
14.916464,71.885779,186964.35
14.915235,71.888507,186992.35
14.914007,71.891235,187020.06
14.912778,71.893963,187047.36
14.91155,71.896691,187074.36
14.910321,71.899419,187100.87
14.909092,71.902146,187127.17
14.907863,71.904874,187152.98
14.906634,71.907602,187178.58
14.905405,71.910329,187203.78
14.904175,71.913057,187228.58
14.902946,71.915785,187253.09
14.901716,71.918512,187277.09
14.900487,71.92124,187300.89
14.899256,71.923968,187324.3
14.898026,71.926695,187347.3
14.896796,71.929423,187370.01
14.895566,71.93215,187392.31
14.894336,71.934878,187414.31
14.893106,71.937605,187435.91
14.891876,71.940333,187457.22
14.890645,71.94306,187478.12
14.889415,71.945788,187498.72
14.888184,71.948516,187518.83
14.886953,71.951244,187538.63
14.885723,71.953971,187558.23
14.884492,71.956698,187577.34
14.88326,71.959426,187596.14
14.882029,71.962153,187614.54
14.880798,71.96488,187632.55
14.879567,71.967608,187650.25
14.878335,71.970335,187667.55
14.877103,71.973062,187684.56
14.875871,71.975789,187701.26
14.874639,71.978517,187717.56
14.873407,71.981244,187733.47
14.872174,71.983971,187748.97
14.870942,71.986699,187764.17
14.86971,71.989426,187778.97
14.868477,71.992153,187793.48
14.867244,71.99488,187807.58
14.866012,71.997607,187821.39
14.864779,72.000334,187834.79
14.863546,72.003062,187847.89
14.862313,72.005789,187860.6
14.861079,72.008516,187872.9
14.859846,72.011243,187884.9
14.858612,72.01397,187896.5
14.857379,72.016697,187907.81
14.856144,72.019424,187918.71
14.854911,72.022151,187929.21
14.853677,72.024878,187939.42
14.852442,72.027605,187949.32
14.851208,72.030333,187958.82
14.849973,72.03306,187967.92
14.848739,72.035787,187976.73
14.847505,72.038514,187985.13
14.84627,72.041241,187993.23
14.845036,72.043968,188001.03
14.843801,72.046695,188008.34
14.842565,72.049422,188015.35
14.84133,72.052149,188022.04
14.840095,72.054877,188028.45
14.83886,72.057604,188034.35
14.837624,72.060331,188039.95
14.836389,72.063058,188045.26
14.835153,72.065785,188050.06
14.833917,72.068512,188054.56
14.832681,72.071239,188058.67
14.831444,72.073966,188062.47
14.830208,72.076693,188065.97
14.828972,72.07942,188069.07
14.827736,72.082147,188071.78
14.826499,72.084874,188074.18
14.825262,72.087601,188076.19
14.824026,72.090328,188077.89
14.822789,72.093055,188079.19
14.821552,72.095782,188080.09
14.820315,72.098509,188080.79
14.819077,72.101236,188081.0
14.81784,72.103963,188080.9
14.816603,72.10669,188080.41
14.815365,72.109417,188079.61
14.814128,72.112144,188078.41
14.81289,72.114871,188076.91
14.811652,72.117598,188075.02
14.810414,72.120325,188072.82
14.809175,72.123052,188070.12
14.807937,72.125779,188067.12
14.806698,72.128506,188063.92
14.80546,72.131233,188060.23
14.804221,72.13396,188056.24
14.802982,72.136687,188051.94
14.801743,72.139414,188047.24
14.800504,72.142141,188042.24
14.799265,72.144869,188036.74
14.798026,72.147596,188031.05
14.796787,72.150323,188024.95
14.795547,72.15305,188018.45
14.794307,72.155777,188011.65
14.793067,72.158505,188004.46
14.791827,72.161233,187996.86
14.790586,72.16396,187988.96
14.789346,72.166687,187980.67
14.788106,72.169414,187972.07
14.786865,72.172141,187963.07
14.785625,72.174868,187953.68
14.784384,72.177596,187943.98
14.783143,72.180323,187933.88
14.781902,72.18305,187923.48
14.780661,72.185777,187912.69
14.77942,72.188504,187901.49
14.778179,72.191231,187889.99
14.776938,72.193958,187878.09
14.775695,72.196685,187865.8
14.774454,72.199413,187853.2
14.773212,72.20214,187840.4
14.771971,72.204867,187827.2
14.770729,72.207595,187813.6
14.769487,72.210322,187799.61
14.768244,72.213049,187785.21
14.767002,72.215777,187770.51
14.76576,72.218504,187755.42
14.764517,72.221231,187740.02
14.763275,72.223959,187724.22
14.762031,72.226686,187708.13
14.760788,72.229413,187691.63
14.759544,72.232141,187674.73
14.758301,72.234868,187657.53
14.757058,72.237595,187639.93
14.755814,72.240323,187622.04
14.754571,72.24305,187603.74
14.753327,72.245778,187585.14
14.752083,72.248505,187566.15
14.750838,72.251233,187546.75
14.749595,72.25396,187527.05
14.748351,72.256688,187507.05
14.747106,72.259416,187486.66
14.745861,72.262143,187465.96
14.744616,72.264871,187444.86
14.743372,72.2676,187423.46
14.742127,72.270327,187401.67
14.740882,72.273055,187379.56
14.739636,72.275783,187356.97
14.738391,72.278511,187334.07
14.737146,72.281238,187310.87
14.735899,72.283966,187287.28
14.734654,72.286694,187263.28
14.733409,72.289421,187238.88
14.732163,72.292149,187214.19
14.730917,72.294877,187189.19
14.729671,72.297605,187163.79
14.728425,72.300333,187138.09
14.727179,72.303061,187111.99
14.725933,72.305789,187085.59
14.724685,72.308517,187058.8
14.723439,72.311245,187031.6
14.722193,72.313973,187004.1
14.720945,72.316701,186976.21
14.719699,72.319429,186948.01
14.71845,72.322157,186919.41
14.717203,72.324886,186890.41
14.715956,72.327614,186861.12
14.714708,72.330342,186831.42
14.71346,72.33307,186801.52
14.712211,72.335799,186771.22
14.710964,72.338527,186740.52
14.709716,72.341255,186709.43
14.708467,72.343983,186677.93
14.70722,72.346712,186646.23
14.705971,72.34944,186614.03
14.704722,72.352168,186581.53
14.703474,72.354897,186548.64
14.702225,72.357625,186515.44
14.700976,72.360354,186481.84
14.699727,72.363082,186447.94
14.698479,72.365811,186413.65
14.697229,72.36854,186378.95
14.695979,72.371268,186343.85
14.69473,72.373996,186308.45
14.693481,72.376726,186272.75
14.69223,72.379455,186236.66
14.69098,72.382183,186200.16
14.689731,72.384912,186163.36
14.68848,72.387641,186126.26
14.687231,72.39037,186088.67
14.68598,72.393099,186050.87
14.68473,72.395827,186012.67
14.683479,72.398557,185974.07
14.682227,72.401285,185935.08
14.680976,72.404014,185895.78
14.679725,72.406743,185856.18
14.678473,72.409472,185816.18
14.677223,72.412201,185775.78
14.675971,72.41493,185735.09
14.674719,72.41766,185694.09
14.673467,72.420389,185652.69
14.672215,72.423118,185610.89
14.670962,72.425848,185568.7
14.66971,72.428577,185526.3
14.668458,72.431306,185483.4
14.667205,72.434035,185440.2
14.665952,72.436765,185396.7
14.664701,72.439494,185352.71
14.663449,72.442223,185308.41
14.662196,72.444953,185263.71
14.660943,72.447683,185218.81
14.659689,72.450412,185173.41
14.658436,72.453142,185127.72
14.657183,72.455871,185081.72
14.655928,72.458601,185035.22
14.654676,72.461331,184988.52
14.653422,72.464061,184941.32
14.652168,72.466791,184893.83
14.650914,72.46952,184845.93
14.64966,72.47225,184797.83
14.648406,72.47498,184749.23
14.647151,72.47771,184700.33
14.645896,72.48044,184651.03
14.644642,72.48317,184601.44
14.643387,72.485901,184551.34
14.642132,72.488632,184501.04
14.640876,72.491362,184450.34
14.639621,72.494092,184399.25
14.638365,72.496822,184347.85
14.63711,72.499553,184296.05
14.635854,72.502283,184243.95
14.634598,72.505014,184191.45
14.633342,72.507744,184138.65
14.632086,72.510475,184085.46
14.630829,72.513205,184031.86
14.629573,72.515936,183977.96
14.628316,72.518667,183923.66
14.62706,72.521397,183869.07
14.625803,72.524128,183814.07
14.624546,72.526859,183758.67
14.623289,72.52959,183702.97
14.622032,72.532321,183646.97
14.620775,72.535051,183590.57
14.619518,72.537783,183533.78
14.61826,72.540514,183476.68
14.617003,72.543245,183419.18
14.615745,72.545976,183361.38
14.614487,72.548707,183303.18
14.613228,72.551438,183244.69
14.61197,72.55417,183185.79
14.610712,72.556901,183126.49
14.609454,72.559633,183066.89
14.608195,72.562364,183006.89
14.606937,72.565096,182946.59
14.605678,72.567827,182885.99
14.604419,72.570559,182824.9
14.60316,72.573291,182763.5
14.6019,72.576023,182701.7
14.600641,72.578754,182639.7
14.599381,72.581486,182577.2
14.598122,72.584218,182514.31
14.596862,72.58695,182451.21
14.595602,72.589682,182387.61
14.594342,72.592414,182323.71
14.593082,72.595146,182259.51
14.591821,72.597879,182194.92
14.59056,72.600612,182129.92
14.5893,72.603344,182064.62
14.588039,72.606077,181998.92
14.586778,72.608809,181932.92
14.585516,72.611541,181866.52
14.584255,72.614274,181799.82
14.582995,72.617006,181732.73
14.581733,72.619739,181665.23
14.580471,72.622472,181597.43
14.579209,72.625205,181529.23
14.577947,72.627937,181460.73
14.576685,72.63067,181391.84
14.575423,72.633403,181322.63
14.574161,72.636136,181253.04
14.572898,72.638869,181183.04
14.571636,72.641602,181112.84
14.570373,72.644335,181042.14
14.569109,72.647069,180971.14
14.567847,72.649802,180899.75
14.566583,72.652535,180828.05
14.56532,72.655269,180755.95
14.564056,72.658002,180683.45
14.562792,72.660736,180610.65
14.561528,72.663469,180537.46
14.560265,72.666203,180463.95
14.559001,72.668937,180390.06
14.557736,72.671671,180315.86
14.556472,72.674405,180241.26
14.555208,72.677138,180166.36
14.553943,72.679872,180090.96
14.552678,72.682606,180015.36
14.551413,72.68534,179939.36
14.550147,72.688075,179862.97
14.548883,72.690809,179786.27
14.547618,72.693543,179709.17
14.546352,72.696278,179631.67
14.545086,72.699012,179553.87
14.54382,72.701747,179475.77
14.542554,72.704481,179397.28
14.541288,72.707216,179318.38
14.540022,72.709952,179239.18
14.538755,72.712686,179159.58
14.537489,72.715421,179079.68
14.536222,72.718156,178999.38
14.534955,72.720891,178918.68
14.533688,72.723626,178837.69
14.532421,72.726361,178756.29
14.531153,72.729097,178674.59
14.529886,72.731832,178592.49
14.528618,72.734567,178509.99
14.527351,72.737302,178427.29
14.526083,72.740038,178344.09
14.524814,72.742773,178260.59
14.523546,72.745509,178176.7
14.522278,72.748245,178092.5
14.521009,72.75098,178007.9
14.51974,72.753717,177923.0
14.518472,72.756452,177837.7
14.517202,72.759188,177752.0
14.515934,72.761924,177666.1
14.514665,72.76466,177579.7
14.513396,72.767397,177493.01
14.512126,72.770133,177405.91
14.510857,72.772869,177318.51
14.509586,72.775606,177230.71
14.508316,72.778342,177142.51
14.507047,72.781079,177054.01
14.505776,72.783815,176965.12
14.504507,72.786552,176875.82
14.503236,72.789289,176786.32
14.501965,72.792026,176696.32
14.500694,72.794763,176606.02
14.499424,72.7975,176515.32
14.498153,72.800237,176424.32
14.496882,72.802974,176333.02
14.49561,72.805711,176241.22
14.494339,72.808448,176149.13
14.493068,72.811186,176056.63
14.491796,72.813923,175963.83
14.490524,72.816661,175870.73
14.489253,72.819399,175777.13
14.48798,72.822137,175683.33
14.486708,72.824875,175589.03
14.485435,72.827613,175494.43
14.484162,72.830351,175399.54
14.482889,72.833089,175304.23
14.481616,72.835827,175208.54
14.480344,72.838565,175112.54
14.479071,72.841303,175016.14
14.477797,72.844041,174919.34
14.476525,72.84678,174822.54
14.475251,72.849519,174725.14
14.473978,72.852257,174627.34
14.472704,72.854996,174529.14
14.471429,72.857734,174430.55
14.470155,72.860473,174331.74
14.468881,72.863212,174232.45
14.467606,72.865951,174132.95
14.466332,72.86869,174032.95
14.465056,72.871429,173932.55
14.463781,72.874169,173831.95
14.462506,72.876908,173730.95
14.461231,72.879647,173629.55
14.459955,72.882387,173527.76
14.458679,72.885127,173425.75
14.457403,72.887866,173323.26
14.456128,72.890606,173220.46
14.454852,72.893346,173117.26
14.453576,72.896086,173013.76
14.452299,72.898826,172909.86
14.451023,72.901566,172805.56
14.449746,72.904306,172700.96
14.448469,72.907047,172595.96
14.447192,72.909787,172490.66
14.445915,72.912528,172385.06
14.444638,72.915268,172278.97
14.44336,72.918009,172172.57
14.442083,72.92075,172065.87
14.440805,72.92349,171958.77
14.439526,72.926231,171851.27
14.438248,72.928973,171743.47
14.43697,72.931715,171635.27
14.435692,72.934456,171526.77
14.434412,72.937197,171417.87
14.433133,72.939939,171308.67
14.431855,72.94268,171199.07
14.430575,72.945422,171089.08
14.429297,72.948164,170978.78
14.428017,72.950906,170868.08
14.426737,72.953647,170757.08
14.425457,72.956389,170645.68
14.424177,72.959131,170533.98
14.422898,72.961874,170421.78
14.421618,72.964616,170309.38
14.420338,72.967358,170196.58
14.419057,72.970101,170083.38
14.417777,72.972843,169969.88
14.416496,72.975586,169855.88
14.415215,72.978329,169741.69
14.413934,72.981072,169627.08
14.412653,72.983814,169512.09
14.411372,72.986557,169396.79
14.41009,72.9893,169281.09
14.408808,72.992044,169164.99
14.407526,72.994787,169048.59
14.406244,72.997531,168931.79
14.404962,73.000274,168814.69
14.403679,73.003018,168697.29
14.402397,73.005762,168579.39
14.401114,73.008505,168461.19
14.399832,73.011249,168342.6
14.398549,73.013993,168223.7
14.397266,73.016737,168104.49
14.395983,73.019482,167984.8
14.3947,73.022226,167864.8
14.393416,73.02497,167744.5
14.392133,73.027715,167623.8
14.390849,73.03046,167502.7
14.389565,73.033204,167381.2
14.38828,73.035949,167259.5
14.386997,73.038695,167137.3
14.385712,73.04144,167014.8
14.384428,73.044185,166891.9
14.383143,73.04693,166768.7
14.381858,73.049676,166645.1
14.380573,73.052421,166521.2
14.379288,73.055167,166396.9
14.378002,73.057913,166272.31
14.376717,73.060658,166147.3
14.375431,73.063404,166021.91
14.374146,73.06615,165896.21
14.37286,73.068896,165770.11
14.371574,73.071643,165643.71
14.370287,73.074389,165516.91
14.369001,73.077135,165389.71
14.367714,73.079882,165262.21
14.366427,73.082629,165134.31
14.36514,73.085376,165006.11
14.363853,73.088122,164877.51
14.362566,73.090869,164748.51
14.361278,73.093616,164619.21
14.35999,73.096364,164489.61
14.358702,73.099111,164359.51
14.357414,73.101858,164229.11
14.356126,73.104606,164098.41
14.354838,73.107353,163967.31
14.353549,73.110101,163835.82
14.352261,73.112849,163704.02
14.350972,73.115597,163571.82
14.349683,73.118345,163439.32
14.348394,73.121093,163306.42
14.347105,73.123842,163173.12
14.345815,73.12659,163039.52
14.344526,73.129339,162905.62
14.343236,73.132087,162771.22
14.341946,73.134836,162636.52
14.340656,73.137585,162501.52
14.339366,73.140334,162366.12
14.338075,73.143083,162230.32
14.336785,73.145833,162094.22
14.335494,73.148582,161957.72
14.334203,73.151332,161820.82
14.332912,73.154081,161683.72
14.331621,73.156831,161546.12
14.33033,73.159581,161408.12
14.329038,73.162331,161269.92
14.327747,73.165081,161131.22
14.326454,73.167831,160992.22
14.325163,73.170581,160852.82
14.323871,73.173331,160713.12
14.322578,73.176082,160573.12
14.321286,73.178833,160432.62
14.319993,73.181583,160291.82
14.3187,73.184334,160150.72
14.317407,73.187085,160009.22
14.316114,73.189836,159867.32
14.314821,73.192587,159725.12
14.313527,73.195339,159582.52
14.312234,73.19809,159439.62
14.31094,73.200842,159296.32
14.309646,73.203594,159152.63
14.308352,73.206345,159008.63
14.307058,73.209097,158864.23
14.305763,73.21185,158719.53
14.304468,73.214602,158574.43
14.303174,73.217354,158429.02
14.301879,73.220107,158283.23
14.300583,73.222859,158137.03
14.299288,73.225612,157990.53
14.297993,73.228365,157843.63
14.296696,73.231118,157696.43
14.2954,73.233871,157548.83
14.294104,73.236624,157400.83
14.292808,73.239378,157252.53
14.291512,73.242131,157103.83
14.290214,73.244885,156954.83
14.288917,73.247638,156805.33
14.287621,73.250392,156655.53
14.286324,73.253146,156505.43
14.285026,73.255901,156354.93
14.28373,73.258655,156204.03
14.282431,73.26141,156052.83
14.281134,73.264164,155901.23
14.279836,73.266919,155749.33
14.278539,73.269674,155597.13
14.27724,73.272428,155444.43
14.275942,73.275183,155291.43
14.274643,73.277939,155138.03
14.273344,73.280694,154984.33
14.272046,73.283449,154830.23
14.270746,73.286204,154675.73
14.269447,73.28896,154520.93
14.268148,73.291716,154365.73
14.266848,73.294472,154210.23
14.265549,73.297228,154054.33
14.264248,73.299984,153898.13
14.262948,73.30274,153741.43
14.261648,73.305497,153584.53
14.260348,73.308253,153427.13
14.259046,73.31101,153269.43
14.257746,73.313767,153111.43
14.256445,73.316524,152953.03
14.255144,73.319281,152794.23
14.253842,73.322038,152635.13
14.252541,73.324795,152475.63
14.25124,73.327553,152315.83
14.249938,73.330311,152155.53
14.248636,73.333068,151995.03
14.247334,73.335826,151834.13
14.246031,73.338584,151672.73
14.244729,73.341342,151511.13
14.243426,73.344101,151349.13
14.242124,73.346859,151186.73
14.240821,73.349618,151024.03
14.239518,73.352377,150860.93
14.238214,73.355136,150697.53
14.236911,73.357895,150533.73
14.235607,73.360654,150369.53
14.234303,73.363414,150205.03
14.232999,73.366173,150040.12
14.231695,73.368933,149874.92
14.23039,73.371693,149709.23
14.229085,73.374453,149543.23
14.227781,73.377213,149376.93
14.226476,73.379973,149210.32
14.225171,73.382733,149043.23
14.223866,73.385494,148875.82
14.22256,73.388254,148708.12
14.221255,73.391015,148539.92
14.219949,73.393776,148371.52
14.218642,73.396537,148202.62
14.217336,73.399298,148033.42
14.216031,73.402059,147863.92
14.214724,73.404821,147694.02
14.213417,73.407582,147523.72
14.21211,73.410344,147353.12
14.210803,73.413106,147182.02
14.209495,73.415868,147010.62
14.208189,73.41863,146838.92
14.20688,73.421392,146666.82
14.205573,73.424155,146494.32
14.204265,73.426918,146321.62
14.202957,73.42968,146148.42
14.201648,73.432443,145974.92
14.20034,73.435206,145801.02
14.199031,73.437969,145626.72
14.197722,73.440733,145452.12
14.196413,73.443496,145277.22
14.195104,73.44626,145101.82
14.193795,73.449024,144926.12
14.192485,73.451788,144750.12
14.191175,73.454552,144573.71
14.189865,73.457316,144396.91
14.188555,73.460081,144219.81
14.187244,73.462845,144042.31
14.185934,73.46561,143864.41
14.184624,73.468375,143686.21
14.183312,73.471141,143507.61
14.182001,73.473906,143328.71
14.18069,73.476671,143149.41
14.179379,73.479437,142969.71
14.178067,73.482202,142789.71
14.176755,73.484968,142609.31
14.175443,73.487734,142428.51
14.174131,73.4905,142247.41
14.172819,73.493266,142065.91
14.171507,73.496032,141884.11
14.170194,73.498799,141701.91
14.168881,73.501566,141519.41
14.167568,73.504333,141336.51
14.166255,73.5071,141153.21
14.164942,73.509867,140969.6
14.163628,73.512634,140785.51
14.162315,73.515401,140601.21
14.161001,73.518169,140416.5
14.159688,73.520937,140231.4
14.158373,73.523705,140046.0
14.157058,73.526473,139860.2
14.155744,73.529241,139674.0
14.15443,73.53201,139487.5
14.153114,73.534778,139300.6
14.1518,73.537547,139113.3
14.150484,73.540316,138925.7
14.149168,73.543085,138737.7
14.147853,73.545854,138549.4
14.146537,73.548624,138360.7
14.145221,73.551393,138171.6
14.143905,73.554163,137982.2
14.142588,73.556933,137792.4
14.141271,73.559703,137602.29
14.139955,73.562473,137411.69
14.138637,73.565243,137220.89
14.137321,73.568014,137029.59
14.136003,73.570785,136838.09
14.134685,73.573555,136646.09
14.133368,73.576327,136453.79
14.13205,73.579099,136261.09
14.130731,73.58187,136068.09
14.129414,73.584641,135874.69
14.128095,73.587413,135680.89
14.126776,73.590185,135486.79
14.125458,73.592957,135292.29
14.124138,73.595729,135097.48
14.12282,73.598501,134902.19
14.1215,73.601274,134706.68
14.12018,73.604047,134510.68
14.118861,73.606819,134314.48
14.117541,73.609592,134117.78
14.116221,73.612365,133920.68
14.1149,73.615139,133723.38
14.11358,73.617912,133525.58
14.11226,73.620686,133327.48
14.110939,73.62346,133128.98
14.109617,73.626234,132930.18
14.108296,73.629008,132731.07
14.106975,73.631783,132531.47
14.105653,73.634557,132331.57
14.104332,73.637332,132131.27
14.103009,73.640107,131930.67
14.101687,73.642882,131729.67
14.100364,73.645657,131528.27
14.099042,73.648432,131326.67
14.097719,73.651208,131124.47
14.096396,73.653984,130922.07
14.095073,73.65676,130719.27
14.09375,73.659536,130516.17
14.092425,73.662312,130312.57
14.091102,73.665088,130108.66
14.089778,73.667865,129904.46
14.088453,73.670642,129699.76
14.087129,73.673419,129494.86
14.085804,73.676196,129289.46
14.08448,73.678974,129083.86
14.083154,73.681751,128877.76
14.081829,73.68453,128671.26
14.080504,73.687307,128464.46
14.079178,73.690085,128257.36
14.077853,73.692864,128049.76
14.076526,73.695642,127841.95
14.0752,73.69842,127633.65
14.073873,73.701199,127425.05
14.072546,73.703978,127216.15
14.07122,73.706757,127006.75
14.069892,73.709536,126797.05
14.068565,73.712316,126587.05
14.067237,73.715095,126376.55
14.06591,73.717875,126165.85
14.064582,73.720655,125954.64
14.063255,73.723435,125743.14
14.061926,73.726216,125531.24
14.060597,73.728996,125319.04
14.059269,73.731777,125106.44
14.05794,73.734558,124893.54
14.056611,73.737339,124680.24
14.055282,73.74012,124466.54
14.053953,73.742902,124252.53
14.052624,73.745683,124038.04
14.051294,73.748465,123823.33
14.049964,73.751247,123608.13
14.048633,73.75403,123392.63
14.047304,73.756812,123176.83
14.045973,73.759595,122960.63
14.044641,73.762377,122744.03
14.04331,73.76516,122527.03
14.041979,73.767943,122309.73
14.040648,73.770727,122092.02
14.039317,73.77351,121874.02
14.037985,73.776294,121655.62
14.036653,73.779078,121436.82
14.035321,73.781862,121217.72
14.033988,73.784646,120998.32
14.032656,73.787431,120778.42
14.031323,73.790216,120558.21
14.02999,73.793001,120337.61
14.028657,73.795786,120116.71
14.027323,73.798571,119895.41
14.02599,73.801357,119673.71
14.024656,73.804142,119451.71
14.023322,73.806928,119229.31
14.021988,73.809714,119006.51
14.020653,73.8125,118783.4
14.019319,73.815287,118559.9
14.017983,73.818073,118336.0
14.016649,73.82086,118111.8
14.015314,73.823647,117887.3
14.013978,73.826434,117662.3
14.012643,73.829221,117437.0
14.011307,73.832009,117211.4
14.009971,73.834797,116985.39
14.008635,73.837585,116758.99
14.007299,73.840373,116532.19
14.005962,73.843161,116305.09
14.004626,73.845949,116077.59
14.003289,73.848738,115849.69
14.001951,73.851527,115621.49
14.000614,73.854316,115392.98
13.999277,73.857106,115163.98
13.997939,73.859895,114934.68
13.996601,73.862685,114704.98
13.995262,73.865475,114474.98
13.993924,73.868264,114244.58
13.992586,73.871055,114013.78
13.991247,73.873845,113782.68
13.989908,73.876636,113551.17
13.988569,73.879427,113319.27
13.987229,73.882218,113087.07
13.985889,73.885009,112854.47
13.98455,73.887801,112621.57
13.98321,73.890592,112388.17
13.981869,73.893384,112154.56
13.980529,73.896176,111920.46
13.979188,73.898968,111686.06
13.977847,73.901762,111451.36
13.976506,73.904554,111216.16
13.975165,73.907347,110980.66
13.973823,73.91014,110744.85
13.972482,73.912934,110508.55
13.97114,73.915727,110272.05
13.969797,73.918521,110035.05
13.968456,73.921315,109797.75
13.967113,73.924109,109560.05
13.96577,73.926903,109321.95
13.964427,73.929698,109083.55
13.963083,73.932492,108844.74
13.96174,73.935287,108605.64
13.960397,73.938082,108366.14
13.959053,73.940878,108126.24
13.957708,73.943673,107886.04
13.956364,73.946469,107645.43
13.95502,73.949265,107404.43
13.953675,73.952061,107163.13
13.952331,73.954858,106921.43
13.950985,73.957654,106679.33
13.94964,73.960451,106436.93
13.948295,73.963248,106194.12
13.946949,73.966045,105951.02
13.945603,73.968842,105707.42
13.944258,73.97164,105463.52
13.942911,73.974438,105219.22
13.941565,73.977236,104974.62
13.940219,73.980034,104729.62
13.938871,73.982833,104484.31
13.937524,73.985631,104238.61
13.936177,73.98843,103992.51
13.934829,73.991229,103746.11
13.933481,73.994028,103499.21
13.932134,73.996828,103252.1
13.930786,73.999628,103004.5
13.929437,74.002428,102756.6
13.928088,74.005228,102508.4
13.926739,74.008029,102259.7
13.925391,74.01083,102010.7
13.924041,74.013631,101761.39
13.922691,74.016432,101511.69
13.921341,74.019233,101261.59
13.919991,74.022034,101011.09
13.918641,74.024836,100760.19
13.917292,74.027638,100508.98
13.915941,74.03044,100257.48
13.91459,74.033242,100005.48
13.913239,74.036045,99753.18
13.911888,74.038847,99500.58
13.910537,74.04165,99247.57
13.909186,74.044454,98994.17
13.907834,74.047257,98740.37
13.906481,74.05006,98486.27
13.90513,74.052864,98231.77
13.903777,74.055668,97976.96
13.902424,74.058472,97721.66
13.901071,74.061277,97466.16
13.899718,74.064082,97210.16
13.898365,74.066887,96953.86
13.897011,74.069692,96697.16
13.895658,74.072497,96440.15
13.894303,74.075303,96182.75
13.892949,74.078108,95924.95
13.891594,74.080914,95666.85
13.89024,74.083721,95408.25
13.888885,74.086527,95149.44
13.88753,74.089334,94890.24
13.886175,74.092141,94630.64
13.884819,74.094948,94370.64
13.883463,74.097755,94110.33
13.882107,74.100563,93849.63
13.880751,74.10337,93588.53
13.879395,74.106178,93327.13
13.878038,74.108987,93065.33
13.876682,74.111796,92803.13
13.875325,74.114605,92540.62
13.873968,74.117413,92277.72
13.87261,74.120222,92014.52
13.871252,74.123032,91750.92
13.869895,74.125841,91486.91
13.868537,74.128651,91222.51
13.867178,74.131461,90957.91
13.86582,74.134271,90692.71
13.864461,74.137082,90427.3
13.863103,74.139892,90161.5
13.861743,74.142703,89895.3
13.860383,74.145514,89628.8
13.859024,74.148325,89361.9
13.857663,74.151137,89094.59
13.856303,74.153949,88826.99
13.854943,74.15676,88558.89
13.853582,74.159573,88290.49
13.852221,74.162385,88021.79
13.850861,74.165197,87752.68
13.849499,74.16801,87483.18
13.848138,74.170823,87213.38
13.846777,74.173637,86943.18
13.845414,74.17645,86672.57
13.844052,74.179264,86401.67
13.84269,74.182077,86130.37
13.841328,74.184891,85858.67
13.839965,74.187706,85586.66
13.838602,74.19052,85314.26
13.837238,74.193335,85041.46
13.835875,74.19615,84768.36
13.834511,74.198965,84494.86
13.833148,74.20178,84221.05
13.831783,74.204596,83946.75
13.830419,74.207412,83672.15
13.829054,74.210228,83397.25
13.82769,74.213045,83121.84
13.826325,74.215861,82846.24
13.82496,74.218678,82570.14
13.823594,74.221495,82293.74
13.822229,74.224312,82016.93
13.820864,74.227129,81739.83
13.819497,74.229946,81462.33
13.818131,74.232764,81184.43
13.816765,74.235582,80906.13
13.815399,74.2384,80627.52
13.814032,74.241218,80348.52
13.812665,74.244036,80069.22
13.811298,74.246855,79789.51
13.80993,74.249674,79509.51
13.808563,74.252493,79229.01
13.807195,74.255312,78948.31
13.805827,74.258131,78667.1
13.804459,74.260951,78385.6
13.803091,74.26377,78103.7
13.801722,74.26659,77821.5
13.800353,74.26941,77538.89
13.798984,74.272231,77255.89
13.797616,74.275051,76972.59
13.796246,74.277872,76688.89
13.794876,74.280692,76404.78
13.793507,74.283513,76120.38
13.792137,74.286334,75835.58
13.790767,74.289155,75550.48
13.789397,74.291977,75264.97
13.788026,74.294798,74979.07
13.786655,74.29762,74692.87
13.785284,74.300442,74406.27
13.783914,74.303264,74119.36
13.782542,74.306086,73831.96
13.781171,74.308908,73544.36
13.779799,74.311731,73256.25
13.778428,74.314554,72967.85
13.777056,74.317377,72679.15
13.775684,74.320199,72390.05
13.774312,74.323022,72100.54
13.77294,74.325845,71810.74
13.771567,74.328668,71520.54
13.770195,74.331491,71229.93
13.768822,74.334315,70939.03
13.767449,74.337138,70647.83
13.766077,74.339961,70356.13
13.764704,74.342785,70064.22
13.763331,74.345609,69771.82
13.761957,74.348432,69479.22
13.760584,74.351256,69186.11
13.759211,74.35408,68892.71
13.757837,74.356904,68599.01
13.756462,74.359728,68304.91
13.755089,74.362552,68010.5
13.753714,74.365375,67715.7
13.752341,74.368199,67420.5
13.750966,74.371023,67125.0
13.749592,74.373847,66829.19
13.748217,74.376671,66532.89
13.746844,74.379495,66236.38
13.745469,74.382319,65939.48
13.744094,74.385143,65642.28
13.742719,74.387967,65344.58
13.741345,74.39079,65046.67
13.739971,74.393614,64748.37
13.738597,74.396438,64449.77
13.737222,74.399261,64150.77
13.735847,74.402085,63851.46
13.734472,74.404908,63551.76
13.733097,74.407732,63251.76
13.731722,74.410556,62951.45
13.730347,74.413379,62650.75
13.728972,74.416203,62349.65
13.727597,74.419026,62048.24
13.726222,74.421848,61746.54
13.724848,74.424671,61444.44
13.723472,74.427494,61142.03
13.722097,74.430317,60839.23
13.720721,74.433139,60536.13
13.719346,74.435962,60232.73
13.717969,74.438784,59928.92
13.716594,74.441606,59624.72
13.715217,74.444428,59320.31
13.71384,74.44725,59015.51
13.712463,74.450072,58710.31
13.711086,74.452893,58404.91
13.709709,74.455715,58099.0
13.708332,74.458536,57792.8
13.706955,74.461357,57486.3
13.705577,74.464178,57179.49
13.704201,74.466999,56872.39
13.702823,74.46982,56564.79
13.701446,74.47264,56256.98
13.700068,74.475461,55948.78
13.698691,74.478281,55640.28
13.697313,74.481101,55331.57
13.695936,74.48392,55022.37
13.694559,74.486739,54712.87
13.693182,74.489558,54403.06
13.691805,74.492376,54092.96
13.690429,74.495194,53782.56
13.689052,74.498011,53471.85
13.687675,74.500828,53160.85
13.686299,74.503645,52849.55
13.684923,74.506462,52537.94
13.683547,74.509277,52226.04
13.682172,74.512091,51913.74
13.680796,74.514905,51601.23
13.679421,74.517718,51288.43
13.678046,74.520531,50975.33
13.676672,74.523342,50662.02
13.675298,74.526153,50348.42
13.673925,74.528962,50034.52
13.672551,74.531771,49720.41
13.671178,74.534578,49406.01
13.669805,74.537385,49091.41
13.668433,74.54019,48776.5
13.666787,74.543554,48398.36
13.665416,74.546357,48082.96
13.664045,74.549157,47767.27
13.662676,74.551957,47451.39
13.661308,74.554755,47135.31
13.65994,74.557551,46819.0
13.658573,74.560345,46502.52
13.657207,74.563137,46185.92
13.655842,74.565928,45869.03
13.654478,74.568716,45552.03
13.653116,74.571501,45234.92
13.651756,74.574284,44917.62
13.650397,74.577064,44600.24
13.64904,74.579842,44282.73
13.647686,74.582617,43965.05
13.646333,74.585389,43647.43
13.644983,74.588157,43329.65
13.643635,74.590922,43011.84
13.64229,74.593683,42693.94
13.640947,74.596442,42376.03
13.639607,74.599196,42058.13
13.638273,74.601946,41740.33
13.636942,74.604691,41422.61
13.635615,74.607431,41104.9
13.634296,74.610163,40787.5
13.632982,74.61289,40470.28
13.631675,74.615612,40153.25
13.630375,74.618327,39836.35
13.629083,74.621035,39519.83
13.6278,74.623737,39203.5
13.62653,74.626429,38887.78
13.625271,74.629113,38572.54
13.624025,74.631788,38257.73
13.622792,74.634456,37943.49
13.621573,74.637115,37629.85
13.620369,74.639765,37316.83
13.619182,74.642406,37004.66
13.618017,74.645036,36693.5
13.616869,74.647657,36383.46
13.615737,74.650268,36074.5
13.614613,74.652872,35766.83
13.613494,74.655465,35460.75
13.612373,74.658046,35156.27
13.611244,74.660615,34853.21
13.610104,74.663168,34551.53
13.60896,74.665701,34251.15
13.60782,74.668215,33952.18
13.606697,74.670709,33654.5
13.605605,74.673182,33358.6
13.604545,74.675636,33064.62
13.603509,74.678075,32772.36
13.602479,74.680502,32481.94
13.601437,74.68291,32194.38
13.600382,74.685298,31909.18
13.599323,74.687668,31625.33
13.598022,74.690551,31278.27
13.596978,74.692847,30999.47
13.595949,74.6951,30723.48
13.59493,74.697311,30450.47
13.593923,74.699477,30181.27
13.592919,74.701598,29915.75
13.591901,74.703679,29653.81
13.59044,74.706525,29293.48
13.589369,74.708514,29041.08
13.588276,74.710473,28792.84
13.587175,74.7124,28549.61
13.586087,74.7143,28311.37
13.585045,74.716174,28077.46
13.584069,74.718013,27848.1
13.583143,74.719814,27621.99
13.581879,74.72226,27311.2
13.580969,74.723962,27093.62
13.580064,74.725634,26880.73
13.579115,74.727435,26651.65
13.578278,74.729034,26447.18
13.577455,74.730589,26247.08
13.576644,74.732118,26050.58
13.575868,74.733606,25859.11
13.575111,74.735062,25671.41
13.574382,74.736478,25487.51
13.573681,74.737856,25307.94
13.573,74.739204,25131.94
13.571255,74.742684,24678.59
13.570207,74.744747,24407.24
13.569516,74.746152,24221.11
13.568981,74.747287,24070.37
13.568464,74.748397,23922.43
13.567738,74.749904,23722.39
13.56708,74.751259,23542.1
13.566592,74.752267,23407.08
13.566124,74.753244,23275.45
13.565668,74.754202,23145.72
13.565228,74.755135,23019.35
13.564816,74.756045,22896.07
13.564415,74.756935,22775.33
13.564015,74.757803,22656.61
13.563684,74.758635,22545.02
13.563288,74.759452,22430.1
13.562862,74.760333,22306.03
13.562479,74.761198,22184.28
13.562116,74.76204,22065.33
13.561795,74.762792,21958.25
13.56148,74.763525,21853.52
13.561181,74.764246,21751.06
13.560892,74.764962,21650.35
13.560605,74.765673,21551.66
13.560325,74.766369,21455.65
13.560046,74.767048,21360.52
13.559817,74.767711,21267.74
13.559622,74.768357,21177.31
13.559418,74.768983,21088.52
</coordinates>